0,C3  (1,2)
0.5,B3  (0,1)
0.5,E3  (1,2)
1,G3  (0,1)
1.5,E3  (1,2)
1.5,B3  (0,1)
2,C3  (1,2)
2.5,B3  (0,1)
2.5,E3  (1,2)
3,G3  (0,1)
4,C3  (1,2)
4.5,B3  (0,1)
4.5,E3  (1,2)
5,G3  (0,1)
5.5,E3  (1,2)
5.5,B3  (0,1)
6,C3  (1,2)
6.5,B3  (0,1)
6.5,E3  (1,2)
7,G3  (0,1)
7.5,E2  (1,2)
8,C1  (1,2)
8,C2  (1,2)
8.5,E4  (0,1)
8.5,B4  (0,1)
8.5,E3  (1,2)
8.5,G3  (1,2)
8.5,C4  (1,2)
9,D4  (0,1)
9,G4  (0,1)
9.5,E4  (0,1)
9.5,B4  (0,1)
10,C1  (1,2)
10,C2  (1,2)
10.5,E4  (0,1)
10.5,B4  (0,1)
10.5,E3  (1,2)
10.5,G3  (1,2)
10.5,B3  (1,2)
11,B3  (0,1)
11,G4  (0,1)
11.5,E4  (0,1)
11.5,B4  (0,1)
12,C1  (1,2)
12,C2  (1,2)
12.5,E4  (0,1)
12.5,B4  (0,1)
12.5,E3  (1,2)
12.5,G3  (1,2)
12.5,C4  (1,2)
13,D4  (0,1)
13,G4  (0,1)
13.5,E4  (0,1)
13.5,B4  (0,1)
14,C1  (1,2)
14,C2  (1,2)
14,C3  (0,1)
14.0625,B2  (0,1)
14.125,G2  (0,1)
14.1875,E2  (0,1)
14.5,E4  (0,1)
14.5,B4  (0,1)
14.5,E3  (1,2)
14.5,G3  (1,2)
14.5,B3  (1,2)
15,G4  (0,1)
16,C1  (1,2)
16,C2  (1,2)
16.5,E4  (0,1)
16.5,B4  (0,1)
16.5,E3  (1,2)
16.5,G3  (1,2)
16.5,C4  (1,2)
17,G4  (0,1)
17.25,G5  (0,1)
17.25,C6  (0,1)
17.5,E5  (0,1)
17.5,B5  (0,1)
17.75,B4  (0,1)
17.75,G5  (0,1)
18,C1  (1,2)
18,C2  (1,2)
18,G4  (0,1)
18,E5  (0,1)
18.5,E3  (1,2)
18.5,G3  (1,2)
18.5,C4  (1,2)
18.5,E4  (0,1)
18.5,B4  (0,1)
19,G4  (0,1)
19.5,C1  (1,2)
19.5,E4  (0,1)
19.5,B4  (0,1)
20,C1  (1,2)
20,C2  (1,2)
20.5,E3  (0,1)
20.5,B3  (0,1)
21,G3  (0,1)
21.5,E2  (1,2)
22,B4  (0,1)
22,C2  (1,2)
22.25,G4  (0,1)
22.25,C5  (0,1)
22.5,C3  (1,2)
22.5,E3  (1,2)
22.5,B4  (0,1)
22.5,D5  (0,1)
22.75,C5  (0,1)
22.75,E5  (0,1)
23,C2  (1,2)
23,C5  (0,1)
23,E5  (0,1)
23.25,B4  (0,1)
23.25,D5  (0,1)
23.5,C3  (1,2)
23.5,E3  (1,2)
23.75,G4  (0,1)
23.75,B4  (0,1)
24,C2  (1,2)
24,E4  (0,1)
24,C5  (0,1)
24.5,B2  (1,2)
24.5,E3  (1,2)
24.5,E4  (0,1)
24.5,G4  (0,1)
25,C2  (1,2)
25,E4  (0,1)
25,G4  (0,1)
25.5,B2  (1,2)
25.5,E3  (1,2)
26,B3  (0,1)
26,A1  (1,2)
26.25,E4  (0,1)
26.5,B2  (1,2)
26.5,C3  (1,2)
26.5,E3  (1,2)
26.5,D4  (0,1)
26.75,E4  (0,1)
27,A1  (1,2)
27,E4  (0,1)
27,G3  (0,1)
27.25,G4  (0,1)
27.5,B2  (1,2)
27.5,C3  (1,2)
27.5,E3  (1,2)
27.5,B3  (0,1)
27.75,E4  (0,1)
28,A1  (1,2)
28.5,D4  (0,1)
28.5,B2  (1,2)
28.5,D3  (1,2)
28.5,E3  (1,2)
29,G3  (0,1)
29,A1  (1,2)
29.5,G2  (1,2)
29.5,B2  (1,2)
29.5,E3  (1,2)
30,C4  (0,1)
30,F4  (0,1)
30,A4  (0,1)
30,F0  (1,2)
30,F1  (1,2)
30.25,G3  (0,1)
30.25,E4  (0,1)
30.5,F2  (1,2)
30.5,A2  (1,2)
30.5,C3  (1,2)
30.5,G3  (0,1)
30.5,E4  (0,1)
30.75,E3  (0,1)
30.75,C4  (0,1)
31,C2  (1,2)
31,E3  (0,1)
31,C4  (0,1)
31.25,C3  (0,1)
31.25,A3  (0,1)
31.5,F2  (1,2)
31.5,A2  (1,2)
31.5,C3  (1,2)
31.5,E3  (0,1)
31.5,C4  (0,1)
32,G0  (1,2)
32,G1  (1,2)
32,D3  (0,1)
32,B3  (0,1)
32.25,E3  (0,1)
32.25,G3  (0,1)
32.5,G2  (1,2)
32.5,B2  (1,2)
32.5,E3  (1,2)
32.75,D3  (0,1)
32.75,G3  (0,1)
32.75,B3  (0,1)
32.75,E4  (0,1)
33,G1  (1,2)
33.25,D4  (0,1)
33.5,G2  (1,2)
33.5,B2  (1,2)
33.5,E3  (1,2)
34,C4  (0,1)
34,F4  (0,1)
34,A4  (0,1)
34,F0  (1,2)
34,F1  (1,2)
34.25,G3  (0,1)
34.25,E4  (0,1)
34.5,F2  (1,2)
34.5,A2  (1,2)
34.5,C3  (1,2)
34.75,F3  (0,1)
34.75,C4  (0,1)
35,C2  (1,2)
35.25,A3  (0,1)
35.5,F2  (1,2)
35.5,A2  (1,2)
35.5,C3  (1,2)
35.5,F4  (0,1)
35.5,A4  (0,1)
35.75,G4  (0,1)
35.80078125,Gb4  (0,1)
35.849609375,F4  (0,1)
35.900390625,E4  (0,1)
35.94921875,Eb4  (0,1)
36,G0  (1,2)
36,G1  (1,2)
36,B3  (0,1)
36,D4  (0,1)
36,G4  (0,1)
36.5,G2  (1,2)
36.5,B2  (1,2)
36.5,E3  (1,2)
36.5,E4  (0,1)
36.75,D4  (0,1)
37,G1  (1,2)
37.25,B3  (0,1)
37.5,G2  (1,2)
37.5,B2  (1,2)
37.5,E3  (1,2)
38,C2  (1,2)
38.5,B3  (0,1)
38.5,G4  (0,1)
38.5,C3  (1,2)
38.5,E3  (1,2)
39,G3  (0,1)
39,E4  (0,1)
39,C2  (1,2)
39.5,B3  (0,1)
39.5,G4  (0,1)
39.5,C3  (1,2)
39.5,E3  (1,2)
40,C2  (1,2)
40.5,B3  (0,1)
40.5,G4  (0,1)
40.5,B2  (1,2)
40.5,E3  (1,2)
41,G3  (0,1)
41,E4  (0,1)
41,C2  (1,2)
41.5,B3  (0,1)
41.5,G4  (0,1)
41.5,B2  (1,2)
41.5,E3  (1,2)
42,C2  (1,2)
42.5,B3  (0,1)
42.5,G4  (0,1)
42.5,C3  (1,2)
42.5,E3  (1,2)
43,G3  (0,1)
43,E4  (0,1)
43,C2  (1,2)
43.5,B3  (0,1)
43.5,G4  (0,1)
43.5,C3  (1,2)
43.5,E3  (1,2)
44,C2  (1,2)
44.5,B3  (0,1)
44.5,G4  (0,1)
44.5,B2  (1,2)
44.5,E3  (1,2)
45,G3  (0,1)
45,E4  (0,1)
45,C2  (1,2)
45.5,B3  (0,1)
45.5,G4  (0,1)
45.5,B2  (1,2)
45.5,E3  (1,2)
46,C1  (1,2)
46,C2  (1,2)
46.333984375,G4  (0,1)
46.333984375,B4  (0,1)
46.666015625,E4  (0,1)
46.666015625,G4  (0,1)
47,B4  (0,1)
47,E5  (0,1)
49,C4  (1,2)
49.0625,B3  (1,2)
49.125,G3  (1,2)
49.1875,E3  (1,2)
49.25,E5  (1,2)
49.3125,D5  (1,2)
49.375,B4  (1,2)
49.4375,G4  (1,2)
49.5,C5  (0,1)
49.5625,B4  (0,1)
49.625,G4  (0,1)
49.6875,E4  (0,1)
49.75,E5  (0,1)
49.8125,D5  (0,1)
49.875,B4  (0,1)
49.9375,G4  (0,1)
50,D4  (0,1)
50,G4  (0,1)
50,C5  (0,1)
51,B3  (0,1)
51,E4  (0,1)
51,G4  (0,1)
52.5,E3  (0,1)
52.5,G3  (0,1)
52.5,C4  (0,1)
53.833984375,E4  (0,1)
54,A0  (1,2)
54,A2  (0,1)
54,C3  (0,1)
54,E3  (0,1)
54,A3  (0,1)
54.1875,A0  (1,2)
54.1875,E1  (1,2)
54.1875,C2  (1,2)
56,A3  (0,1)
56,C4  (0,1)
56,G4  (0,1)
56,A1  (1,2)
56,E2  (1,2)
56,G2  (1,2)
57,E3  (0,1)
57,A3  (0,1)
59,G1  (1,2)
59,C2  (1,2)
59,D2  (1,2)
59,B2  (1,2)
59,B3  (0,1)
59,D4  (0,1)
60,G3  (0,1)
60,B3  (0,1)
62,C1  (1,2)
62.125,C1  (1,2)
62.125,G1  (1,2)
62.125,E2  (1,2)
62.5,D4  (0,1)
62.5,G4  (0,1)
62.5,C5  (0,1)
63.5,B3  (0,1)
63.5,E4  (0,1)
63.5,G4  (0,1)
65,E3  (0,1)
65,G3  (0,1)
65,C4  (0,1)
66.25,E4  (0,1)
66.375,G4  (0,1)
66.5,E4  (0,1)
66.625,D4  (0,1)
66.75,C4  (0,1)
66.875,D4  (0,1)
67,E4  (0,1)
68,C2  (1,2)
68.5,G2  (1,2)
69,E2  (1,2)
70,F3  (0,1)
70,C4  (0,1)
70,F1  (1,2)
70.25,A2  (1,2)
70.5,C4  (0,1)
70.5,G4  (0,1)
70.5,C3  (1,2)
70.75,F2  (1,2)
71,A3  (0,1)
71,E4  (0,1)
71,A2  (1,2)
71.25,F2  (1,2)
71.5,F3  (0,1)
71.5,A3  (0,1)
71.5,C2  (1,2)
71.75,F2  (1,2)
72,E3  (0,1)
72,G3  (0,1)
72,C1  (1,2)
72.25,E2  (1,2)
72.5,G2  (1,2)
72.75,C2  (1,2)
73,C3  (0,1)
73,E3  (0,1)
73,E2  (1,2)
73.25,C2  (1,2)
73.5,G1  (1,2)
73.75,C2  (1,2)
74,C4  (0,1)
74,G4  (0,1)
74,F1  (1,2)
74.25,A2  (1,2)
74.5,A4  (0,1)
74.5,C3  (1,2)
74.75,F2  (1,2)
75,A3  (0,1)
75,C4  (0,1)
75,A2  (1,2)
75.25,F2  (1,2)
75.5,C2  (1,2)
75.75,C4  (0,1)
75.75,F2  (1,2)
76,E4  (0,1)
76,C1  (1,2)
76.25,E2  (1,2)
76.5,G2  (1,2)
76.75,C2  (1,2)
77,E3  (0,1)
77,E2  (1,2)
77.25,C2  (1,2)
77.5,G1  (1,2)
77.75,C2  (1,2)
78,C4  (0,1)
78,B4  (0,1)
78,C1  (1,2)
78.25,E2  (1,2)
78.5,G3  (0,1)
78.5,G4  (0,1)
78.5,G2  (1,2)
78.75,C2  (1,2)
79,E3  (0,1)
79,A3  (0,1)
79,D4  (0,1)
79,E2  (1,2)
79.25,C2  (1,2)
79.5,G1  (1,2)
79.75,C2  (1,2)
80,G3  (0,1)
80,B3  (0,1)
80,E4  (0,1)
80,E1  (1,2)
80.25,C2  (1,2)
80.5,G2  (1,2)
80.75,C2  (1,2)
81,C4  (0,1)
81,E2  (1,2)
81.25,C2  (1,2)
81.5,G1  (1,2)
81.75,C2  (1,2)
82,B3  (0,1)
82,C1  (1,2)
82.25,C5  (0,1)
82.25,E2  (1,2)
82.375,D5  (0,1)
82.5,G2  (1,2)
82.5,E5  (0,1)
82.75,C2  (1,2)
82.75,G5  (0,1)
83,E2  (1,2)
83.25,C5  (0,1)
83.25,C2  (1,2)
83.375,D5  (0,1)
83.5,G1  (1,2)
83.5,E5  (0,1)
83.75,C2  (1,2)
83.75,G5  (0,1)
84,C1  (1,2)
84.166015625,C5  (0,1)
84.25,E2  (1,2)
84.333984375,D5  (0,1)
84.5,G2  (1,2)
84.5,E5  (0,1)
84.75,C2  (1,2)
84.833984375,G5  (0,1)
85,E2  (1,2)
85.25,C2  (1,2)
85.5,G1  (1,2)
85.75,C2  (1,2)
86,F3  (0,1)
86,C4  (0,1)
86,F1  (1,2)
86.25,A2  (1,2)
86.5,C4  (0,1)
86.5,G4  (0,1)
86.5,C3  (1,2)
86.75,F2  (1,2)
87,A3  (0,1)
87,E4  (0,1)
87,A2  (1,2)
87.25,F2  (1,2)
87.5,C4  (0,1)
87.5,C2  (1,2)
87.75,F2  (1,2)
88,G3  (0,1)
88,C4  (0,1)
88,E4  (0,1)
88,C1  (1,2)
88.25,E2  (1,2)
88.5,G2  (1,2)
88.75,C2  (1,2)
89,E2  (1,2)
89.25,C2  (1,2)
89.5,G1  (1,2)
89.75,C2  (1,2)
90,F4  (0,1)
90,C5  (0,1)
90,F2  (1,2)
90.25,A3  (1,2)
90.5,C5  (0,1)
90.5,G5  (0,1)
90.5,C4  (1,2)
90.75,F3  (1,2)
91,A4  (0,1)
91,E5  (0,1)
91,A3  (1,2)
91.25,F3  (1,2)
91.5,C5  (0,1)
91.5,C3  (1,2)
91.75,F3  (1,2)
92,G4  (0,1)
92,C5  (0,1)
92,E5  (0,1)
92,C2  (1,2)
92.25,E3  (1,2)
92.5,G3  (1,2)
92.75,C3  (1,2)
93,E3  (1,2)
93.25,C3  (1,2)
93.5,G2  (1,2)
93.75,C3  (1,2)
94,F4  (0,1)
94,C5  (0,1)
94,F3  (1,2)
94.25,A3  (1,2)
94.5,C5  (0,1)
94.5,G5  (0,1)
94.5,C4  (1,2)
94.75,F3  (1,2)
95,A4  (0,1)
95,E5  (0,1)
95,A3  (1,2)
95.25,F3  (1,2)
95.5,C5  (0,1)
95.5,C3  (1,2)
95.75,F3  (1,2)
96,G4  (0,1)
96,C5  (0,1)
96,E5  (0,1)
96,C3  (1,2)
96.25,E3  (1,2)
96.5,G3  (1,2)
96.75,C3  (1,2)
97,E3  (1,2)
97.25,C3  (1,2)
97.5,G2  (1,2)
97.75,E2  (1,2)
98,C2  (1,2)
100,C1  (1,2)
100,C2  (1,2)
100.5,E4  (0,1)
100.5,B4  (0,1)
100.5,E3  (1,2)
100.5,G3  (1,2)
100.5,C4  (1,2)
101,D4  (0,1)
101,G4  (0,1)
101.5,E4  (0,1)
101.5,B4  (0,1)
102,C1  (1,2)
102,C2  (1,2)
102.5,E4  (0,1)
102.5,B4  (0,1)
102.5,E3  (1,2)
102.5,G3  (1,2)
102.5,B3  (1,2)
103,B3  (0,1)
103,G4  (0,1)
103.5,E4  (0,1)
103.5,B4  (0,1)
104,C1  (1,2)
104,C2  (1,2)
104.5,E4  (0,1)
104.5,B4  (0,1)
104.5,E3  (1,2)
104.5,G3  (1,2)
104.5,C4  (1,2)
105,D4  (0,1)
105,G4  (0,1)
105.5,E4  (0,1)
105.5,B4  (0,1)
106,C1  (1,2)
106,C2  (1,2)
106,C3  (0,1)
106.0625,B2  (0,1)
106.125,G2  (0,1)
106.1875,E2  (0,1)
106.5,E4  (0,1)
106.5,B4  (0,1)
106.5,E3  (1,2)
106.5,G3  (1,2)
106.5,B3  (1,2)
107,G4  (0,1)
108,C1  (1,2)
108,C2  (1,2)
108.5,E4  (0,1)
108.5,B4  (0,1)
108.5,E3  (1,2)
108.5,G3  (1,2)
108.5,C4  (1,2)
109,G4  (0,1)
109.25,G5  (0,1)
109.25,C6  (0,1)
109.5,E5  (0,1)
109.5,B5  (0,1)
109.75,B4  (0,1)
109.75,G5  (0,1)
110,C1  (1,2)
110,C2  (1,2)
110,G4  (0,1)
110,E5  (0,1)
110.5,E3  (1,2)
110.5,G3  (1,2)
110.5,E4  (0,1)
110.5,B4  (0,1)
110.5,C4  (0,1)
111,G4  (0,1)
111.5,C2  (1,2)
111.5,E4  (0,1)
111.5,B4  (0,1)
112,C1  (1,2)
112,C2  (1,2)
112.5,E3  (0,1)
112.5,B3  (0,1)
113,G3  (0,1)
114,C1  (1,2)
114,C2  (1,2)
114,G2  (0,1)
114,C3  (0,1)
114,E3  (0,1)
0,E2  (0,1)
0,G2  (0,1)
0,E1  (0,1)
0.5,Gb1  (0,1)
1,A2  (0,1)
1,D3  (0,1)
1,G1  (0,1)
1.5,B1  (0,1)
2,Gb2  (0,1)
2,A2  (0,1)
2,A1  (0,1)
2.5,G1  (0,1)
3,A2  (0,1)
3,Db3  (0,1)
3,D1  (0,1)
4,E2  (0,1)
4,G2  (0,1)
4,B2  (0,1)
4,E1  (0,1)
4.5,Gb1  (0,1)
5,A2  (0,1)
5,D3  (0,1)
5,Gb3  (0,1)
5,G1  (0,1)
5.5,B1  (0,1)
6,Gb2  (0,1)
6,A2  (0,1)
6,Db3  (0,1)
6,A1  (0,1)
6.5,G1  (0,1)
7,A2  (0,1)
7,Db3  (0,1)
7,E3  (0,1)
7,D1  (0,1)
8,E2  (0,1)
8,G2  (0,1)
8,B2  (0,1)
8,E1  (0,1)
8.5,Gb1  (0,1)
9,A2  (0,1)
9,D3  (0,1)
9,Gb3  (0,1)
9,G1  (0,1)
9.5,B1  (0,1)
10,Gb2  (0,1)
10,A2  (0,1)
10,Db3  (0,1)
10,A1  (0,1)
10.5,G1  (0,1)
11,A2  (0,1)
11,Db3  (0,1)
11,E3  (0,1)
11,D1  (0,1)
12,E2  (0,1)
12,G2  (0,1)
12,B2  (0,1)
12,E1  (0,1)
12.5,A3  (0,1)
12.5,Gb1  (0,1)
12.75,B3  (0,1)
13,Gb3  (0,1)
13,A2  (0,1)
13,D3  (0,1)
13,G1  (0,1)
13.5,B1  (0,1)
13.875,E3  (0,1)
14,Db3  (0,1)
14,Gb2  (0,1)
14,A2  (0,1)
14,A1  (0,1)
14.5,G1  (0,1)
14.75,Gb3  (0,1)
14.875,A3  (0,1)
15,E3  (0,1)
15,A2  (0,1)
15,Db3  (0,1)
15,D1  (0,1)
16,E2  (0,1)
16,G2  (0,1)
16,B2  (0,1)
16,E1  (0,1)
16.25,D4  (0,1)
16.5,B3  (0,1)
16.5,Gb1  (0,1)
16.75,A3  (0,1)
17,Gb3  (0,1)
17,A2  (0,1)
17,D3  (0,1)
17,G1  (0,1)
17.5,B1  (0,1)
17.875,E3  (0,1)
18,Db3  (0,1)
18,Gb2  (0,1)
18,A2  (0,1)
18,A1  (0,1)
18.5,G1  (0,1)
18.75,A3  (0,1)
18.875,Gb3  (0,1)
19,E3  (0,1)
19,A2  (0,1)
19,Db3  (0,1)
19,D1  (0,1)
20,E2  (0,1)
20,G2  (0,1)
20,B2  (0,1)
20,E1  (0,1)
20.5,A3  (0,1)
20.5,Gb1  (0,1)
20.75,B3  (0,1)
21,D4  (0,1)
21,D3  (0,1)
21,Gb3  (0,1)
21,A2  (0,1)
21,G1  (0,1)
21.5,B1  (0,1)
21.75,Gb4  (0,1)
21.75,D3  (0,1)
21.875,E4  (0,1)
21.875,E3  (0,1)
22,D3  (0,1)
22,Db4  (0,1)
22,Db3  (0,1)
22,Gb2  (0,1)
22,A2  (0,1)
22,A1  (0,1)
22.5,G1  (0,1)
22.75,Gb3  (0,1)
22.75,D4  (0,1)
22.875,Db4  (0,1)
23,A3  (0,1)
23,A2  (0,1)
23,Db3  (0,1)
23,E3  (0,1)
23,D1  (0,1)
24,E2  (0,1)
24,G2  (0,1)
24,B2  (0,1)
24,E1  (0,1)
24.5,B3  (0,1)
24.5,Gb1  (0,1)
24.75,A3  (0,1)
25,Gb3  (0,1)
25,A2  (0,1)
25,D3  (0,1)
25,G1  (0,1)
25.5,B1  (0,1)
25.875,E3  (0,1)
26,Db3  (0,1)
26,Gb2  (0,1)
26,A2  (0,1)
26,A1  (0,1)
26.5,G1  (0,1)
26.75,Gb3  (0,1)
26.875,A3  (0,1)
27,E3  (0,1)
27,A2  (0,1)
27,Db3  (0,1)
27,D1  (0,1)
28,E2  (0,1)
28,G2  (0,1)
28,B2  (0,1)
28,E1  (0,1)
28.5,A3  (0,1)
28.5,Gb1  (0,1)
28.75,B3  (0,1)
29,Gb3  (0,1)
29,A2  (0,1)
29,D3  (0,1)
29,G1  (0,1)
29.5,B1  (0,1)
29.875,E3  (0,1)
30,Db3  (0,1)
30,Gb2  (0,1)
30,A2  (0,1)
30,A1  (0,1)
30.5,G1  (0,1)
30.75,Gb3  (0,1)
30.875,A3  (0,1)
31,E3  (0,1)
31,A2  (0,1)
31,Db3  (0,1)
31,D1  (0,1)
32,E2  (0,1)
32,G2  (0,1)
32,B2  (0,1)
32,E1  (0,1)
32.5,A3  (0,1)
32.5,Gb1  (0,1)
32.75,B3  (0,1)
33,Gb3  (0,1)
33,D4  (0,1)
33,D3  (0,1)
33,A2  (0,1)
33,G1  (0,1)
33.5,B1  (0,1)
33.875,E3  (0,1)
34,Db3  (0,1)
34,Gb2  (0,1)
34,A1  (0,1)
34.5,Gb4  (0,1)
34.5,G1  (0,1)
34.75,Gb3  (0,1)
34.875,A3  (0,1)
35,E3  (0,1)
35,A2  (0,1)
35,Db3  (0,1)
35,D1  (0,1)
36,Gb3  (0,1)
36,B2  (0,1)
36,D3  (0,1)
36,B0  (0,1)
36,B1  (0,1)
36.75,B3  (0,1)
36.875,A3  (0,1)
37,E3  (0,1)
37,Ab2  (0,1)
37,B2  (0,1)
37,E1  (0,1)
37,E2  (0,1)
37.5,E3  (0,1)
37.75,D3  (0,1)
38,Db3  (0,1)
38,A2  (0,1)
38,A0  (0,1)
38,A1  (0,1)
38.75,D3  (0,1)
38.875,E3  (0,1)
39,B2  (0,1)
39,D2  (0,1)
39,G2  (0,1)
39,G0  (0,1)
39,G1  (0,1)
40,D4  (0,1)
40,B2  (0,1)
40,D3  (0,1)
40,Gb3  (0,1)
40,B0  (0,1)
40,B1  (0,1)
40.75,B3  (0,1)
40.875,A3  (0,1)
41,E3  (0,1)
41,Ab2  (0,1)
41,B2  (0,1)
41,E1  (0,1)
41,E2  (0,1)
41.5,E3  (0,1)
41.75,E4  (0,1)
41.75,D3  (0,1)
42,Db4  (0,1)
42,A2  (0,1)
42,Db3  (0,1)
42,A0  (0,1)
42,A1  (0,1)
42.5,D4  (0,1)
42.75,Gb4  (0,1)
42.75,D3  (0,1)
42.875,E3  (0,1)
43,B3  (0,1)
43,B2  (0,1)
43,D2  (0,1)
43,G0  (0,1)
43.0234375,G2  (0,1)
0,Ab2  (2,4)
0.25,Eb3  (2,4)
0.5,B2  (2,4)
1,Bb2  (2,4)
1.25,B2  (2,4)
1.5,Db3  (2,4)
2.75,Gb2  (2,4)
3,Ab2  (2,4)
3.25,Eb3  (2,4)
3.5,B2  (2,4)
4,Bb2  (2,4)
4.25,B2  (2,4)
4.5,Db3  (2,4)
5,F4  (0,2)
5.25,Gb4  (0,2)
5.5,F4  (0,2)
5.5625,Gb4  (0,2)
5.625,F4  (0,2)
5.6875,Db4  (0,2)
6,Ab2  (2,4)
6,Eb4  (0,2)
6.25,Eb3  (2,4)
6.5,B2  (2,4)
6.75,Ab4  (0,2)
7,Bb2  (2,4)
7.25,B2  (2,4)
7.25,B4  (0,2)
7.5,Db3  (2,4)
7.5,Ab4  (0,2)
8,Bb4  (0,2)
8.25,B4  (0,2)
8.5,Db5  (0,2)
8.75,Gb2  (2,4)
8.75,Bb4  (0,2)
9,Ab2  (2,4)
9,B4  (0,2)
9.25,Eb3  (2,4)
9.5,B2  (2,4)
9.75,Bb4  (0,2)
10,Bb2  (2,4)
10.25,Ab4  (0,2)
10.25,B2  (2,4)
10.375,Gb4  (0,2)
10.5,Db3  (2,4)
10.5,F4  (0,2)
11,B4  (0,2)
11.25,Db5  (0,2)
11.5,Eb5  (0,2)
11.75,F5  (0,2)
12,Ab2  (2,4)
12,B4  (0,2)
12.25,Eb3  (2,4)
12.5,B2  (2,4)
12.75,Bb4  (0,2)
13,Bb2  (2,4)
13.25,Eb4  (0,2)
13.25,B2  (2,4)
13.5,Ab4  (0,2)
13.5,Db3  (2,4)
14,Gb4  (0,2)
14.5,F4  (0,2)
14.75,Gb2  (2,4)
15,Gb4  (0,2)
15,Ab2  (2,4)
15.25,F4  (0,2)
15.25,Eb3  (2,4)
15.5,Eb4  (0,2)
15.5,B2  (2,4)
15.75,Db4  (0,2)
16,Bb2  (2,4)
16.25,Ab4  (0,2)
16.25,B2  (2,4)
16.5,Eb4  (0,2)
16.5,Db3  (2,4)
17.25,Db2  (2,4)
17.25,Bb3  (0,2)
17.5,Gb2  (2,4)
17.5,B3  (0,2)
17.75,Eb2  (2,4)
17.75,Bb3  (0,2)
18,Ab2  (2,4)
18,Db4  (0,2)
18,Gb3  (1,3)
18.25,Eb3  (2,4)
18.5,B2  (2,4)
18.5,Gb3  (1,3)
19,Bb2  (2,4)
19,F3  (1,3)
19.25,Gb3  (1,3)
19.25,B2  (2,4)
19.5,F3  (1,3)
19.5,Db3  (2,4)
20,F5  (0,2)
20,Db2  (2,4)
20.25,Gb5  (0,2)
20.2552083333,Ab2  (2,4)
20.5,F5  (0,2)
20.5,B2  (2,4)
20.75,Gb5  (0,2)
20.75,Bb2  (2,4)
21,F5  (0,2)
21,Ab2  (2,4)
21,Gb3  (1,3)
21.25,Eb3  (2,4)
21.5,B2  (2,4)
21.5,Gb3  (1,3)
21.75,Ab5  (0,2)
22,F3  (1,3)
22,Bb2  (2,4)
22.25,Gb3  (1,3)
22.25,B2  (2,4)
22.5,Db3  (2,4)
22.5,Eb5  (0,2)
22.5,F3  (1,3)
23,F2  (2,4)
23.25,Db2  (2,4)
23.25,Bb4  (0,2)
23.5,Eb2  (2,4)
23.5,B4  (0,2)
23.75,F2  (2,4)
23.75,Bb4  (0,2)
24,Ab2  (2,4)
24,Db5  (0,2)
24,Gb3  (1,3)
24.25,Eb3  (2,4)
24.5,B2  (2,4)
24.5,Gb3  (1,3)
25,F3  (1,3)
25,Bb2  (2,4)
25.25,Gb3  (1,3)
25.25,B2  (2,4)
25.5,F3  (1,3)
25.5,Db3  (2,4)
26.25,Bb4  (0,2)
26.25,Bb5  (0,2)
26.5,B4  (0,2)
26.5,B5  (0,2)
26.75,Bb4  (0,2)
26.75,Bb5  (0,2)
27,Ab3  (2,4)
27,Db5  (0,2)
27,Db6  (0,2)
27,Gb4  (1,3)
27.25,Eb4  (2,4)
27.5,B3  (2,4)
27.5,Gb4  (1,3)
28,F4  (1,3)
28,Bb3  (2,4)
28.25,Gb4  (1,3)
28.25,B3  (2,4)
28.5,F4  (1,3)
28.5,Db4  (2,4)
30,Eb4  (4,6)
30,Ab1  (2,4)
30,Gb3  (3,5)
30,Ab0  (10,11)
30,Ab1  (9,12)
30,C1  (9,12)
30.25,Eb2  (2,4)
30.5,Gb3  (3,5)
30.5,B1  (2,4)
30.5,Ab1  (9,12)
30.75,D1  (9,12)
30.75,Ab4  (4,6)
30.75,Bb0  (10,11)
31,F3  (3,5)
31,Ab1  (9,12)
31,Bb1  (2,4)
31.25,D1  (9,12)
31.25,B1  (2,4)
31.25,B4  (4,6)
31.25,Gb3  (3,5)
31.25,B0  (10,11)
31.5,F3  (3,5)
31.5,Db1  (10,11)
31.5,Ab1  (9,12)
31.5,B0  (9,12)
31.5,Ab4  (4,6)
31.5,Db2  (2,4)
32,B0  (9,12)
32,Bb4  (4,6)
32.25,B4  (4,6)
32.25,Ab0  (10,11)
32.25,Ab1  (2,4)
32.5,F0  (10,11)
32.5,Gb1  (2,4)
32.5,Db5  (4,6)
32.5,D1  (9,12)
32.75,Bb4  (4,6)
32.75,G1  (2,4)
32.75,Gb0  (10,11)
33,Ab1  (2,4)
33,Ab0  (10,11)
33,Gb3  (3,5)
33,Ab1  (9,12)
33,B0  (9,12)
33,B4  (4,6)
33.25,Eb2  (2,4)
33.5,Ab1  (9,12)
33.5,B1  (2,4)
33.5,Gb3  (3,5)
33.6875,Bb0  (10,11)
33.75,Bb4  (4,6)
33.75,D1  (9,12)
34,Ab1  (9,12)
34,Db2  (2,4)
34,F3  (3,5)
34.1875,B0  (10,11)
34.25,Gb3  (3,5)
34.25,Eb2  (2,4)
34.25,D1  (9,12)
34.25,Ab4  (4,6)
34.375,Gb4  (4,6)
34.4375,Db1  (10,11)
34.5,F4  (4,6)
34.5,F3  (3,5)
34.5,Ab1  (9,12)
34.5,B0  (9,12)
34.5,F2  (2,4)
35,B0  (9,12)
35,Ab1  (9,12)
35,B4  (4,6)
35,F2  (2,4)
35.25,Db5  (4,6)
35.25,Db2  (2,4)
35.25,Ab1  (9,12)
35.25,Ab0  (10,11)
35.5,D1  (9,12)
35.5,Ab1  (9,12)
35.5,F0  (10,11)
35.5,Ab1  (2,4)
35.5,Eb5  (4,6)
35.75,Gb1  (2,4)
35.75,F5  (4,6)
35.75,Gb0  (10,11)
35.75,Ab1  (9,12)
36,Ab0  (10,11)
36,Ab1  (9,12)
36,C1  (9,12)
36,Gb3  (3,5)
36,B4  (4,6)
36,Ab1  (2,4)
36.25,Eb2  (2,4)
36.5,Gb3  (3,5)
36.5,B1  (2,4)
36.5,Ab1  (9,12)
36.75,D1  (9,12)
36.75,Bb4  (4,6)
36.75,Bb0  (10,11)
37,Bb1  (2,4)
37,Ab1  (9,12)
37,F3  (3,5)
37.25,D1  (9,12)
37.25,Gb3  (3,5)
37.25,Eb4  (4,6)
37.25,B0  (10,11)
37.25,B1  (2,4)
37.5,Db1  (10,11)
37.5,Db2  (2,4)
37.5,Ab1  (9,12)
37.5,B0  (9,12)
37.5,Ab4  (4,6)
37.5,F3  (3,5)
38,B0  (9,12)
38,Gb4  (4,6)
38.25,Ab1  (2,4)
38.25,Ab0  (10,11)
38.5,Bb1  (2,4)
38.5,F0  (10,11)
38.5,D1  (9,12)
38.5,F4  (4,6)
38.75,Gb1  (2,4)
38.75,Gb0  (10,11)
39,Ab1  (2,4)
39,Ab0  (10,11)
39,Gb3  (3,5)
39,Ab1  (9,12)
39,B0  (9,12)
39,Gb4  (4,6)
39.25,F4  (4,6)
39.25,Eb2  (2,4)
39.5,Gb3  (3,5)
39.5,B1  (2,4)
39.5,Eb4  (4,6)
39.5,Ab1  (9,12)
39.6875,Bb0  (10,11)
39.75,D1  (9,12)
39.75,Db4  (4,6)
40,F3  (3,5)
40,Db2  (2,4)
40,Ab1  (9,12)
40.1875,B0  (10,11)
40.25,D1  (9,12)
40.25,Eb2  (2,4)
40.25,Gb3  (3,5)
40.25,Ab4  (4,6)
40.4375,Db1  (10,11)
40.5,Eb4  (4,6)
40.5,F3  (3,5)
40.5,F2  (2,4)
40.5,Ab1  (9,12)
40.5,B0  (9,12)
41,B0  (9,12)
41,Ab1  (9,12)
41.25,Ab1  (9,12)
41.25,Bb3  (4,6)
41.5,Ab1  (9,12)
41.5,D1  (9,12)
41.5,B3  (4,6)
41.5,Ab0  (10,11)
41.75,Bb3  (4,6)
41.75,Bb0  (10,11)
41.75,Ab1  (9,12)
41.75,Gb2  (2,4)
42,Ab1  (9,12)
42,C1  (9,12)
42,Ab2  (2,4)
42,Gb3  (3,5)
42,Db4  (4,6)
42.0052083333,Db1  (10,11)
42.25,Eb3  (2,4)
42.5,Ab1  (9,12)
42.5,Gb3  (3,5)
42.5,B2  (2,4)
42.75,Db1  (9,12)
43,Bb2  (2,4)
43,Ab1  (9,12)
43,F3  (3,5)
43.25,Gb3  (3,5)
43.25,B2  (2,4)
43.2552083333,Db1  (9,12)
43.5,Db3  (2,4)
43.5,Ab1  (9,12)
43.5,B0  (9,12)
43.5,F3  (3,5)
43.53125,Db1  (10,11)
44,B0  (9,12)
44,Db2  (10,11)
44,Db2  (2,4)
44,F5  (5,7)
44.25,Ab2  (2,4)
44.25,Gb5  (5,7)
44.25,Gb1  (10,11)
44.5,F1  (10,11)
44.5,Db1  (9,12)
44.5,F5  (5,7)
44.5,B2  (2,4)
44.75,Gb5  (5,7)
44.75,Bb2  (2,4)
44.75,Gb1  (10,11)
45,B0  (9,12)
45,Ab1  (9,12)
45,Db1  (10,11)
45,Gb3  (3,5)
45,Ab2  (2,4)
45,F5  (5,7)
45.25,Eb3  (2,4)
45.5,B2  (2,4)
45.5,Ab1  (9,12)
45.5,Gb3  (3,5)
45.75,Db1  (9,12)
45.75,Ab5  (5,7)
46,Ab1  (9,12)
46,F3  (3,5)
46,Bb2  (2,4)
46.25,B2  (2,4)
46.25,Gb3  (3,5)
46.25,Db1  (9,12)
46.5,B0  (9,12)
46.5,Ab1  (9,12)
46.5,Eb5  (5,7)
46.5,Db2  (10,11)
46.5,F3  (3,5)
46.5,Db3  (2,4)
47,F2  (2,4)
47,B0  (9,12)
47,Ab1  (9,12)
47.25,Ab1  (9,12)
47.25,Bb4  (5,7)
47.25,Db2  (2,4)
47.25,Gb1  (10,11)
47.5,Eb2  (2,4)
47.5,Ab1  (10,11)
47.5,B4  (5,7)
47.5,D1  (9,12)
47.5,Ab1  (9,12)
47.75,Bb4  (5,7)
47.75,Ab1  (9,12)
47.75,Bb1  (10,11)
47.75,F2  (2,4)
48,Db2  (10,11)
48,Ab2  (2,4)
48,Gb3  (3,5)
48,C1  (9,12)
48,Ab1  (9,12)
48,Db5  (5,7)
48.25,Eb3  (2,4)
48.5,B2  (2,4)
48.5,Gb3  (3,5)
48.5,Ab1  (9,12)
48.75,Db1  (9,12)
49,Bb2  (2,4)
49,Ab1  (9,12)
49,F3  (3,5)
49.25,Gb3  (3,5)
49.25,B2  (2,4)
49.2552083333,Db1  (9,12)
49.5,Db3  (2,4)
49.5,Ab1  (9,12)
49.5,B0  (9,12)
49.5,F3  (3,5)
49.5052083333,Db2  (10,11)
50,B0  (9,12)
50.25,Bb4  (6,8)
50.25,Bb5  (0,2)
50.5,Db1  (9,12)
50.5,B5  (0,2)
50.5,B4  (6,8)
50.75,Bb5  (0,2)
50.75,Bb4  (6,8)
51,Db5  (6,8)
51,B0  (9,12)
51,Ab1  (9,12)
51,Db6  (0,2)
51,Ab3  (2,4)
51.0052083333,Db3  (10,11)
51.25,Eb4  (2,4)
51.5,Ab1  (9,12)
51.5,B3  (2,4)
51.75,Db1  (9,12)
52,Bb3  (2,4)
52,Ab1  (9,12)
52.25,B3  (2,4)
52.25,Db1  (9,12)
52.5,Ab1  (9,12)
52.5,B0  (9,12)
52.5,Db4  (2,4)
52.5052083333,Db3  (10,11)
53,B0  (9,12)
53,Ab1  (9,12)
53.25,Ab1  (9,12)
53.5,D1  (9,12)
53.5,Ab1  (9,12)
53.75,Ab1  (9,12)
54,Eb4  (4,6)
54,C1  (9,12)
54,Ab1  (9,12)
54,Eb4  (6,8)
54,Eb3  (7,9)
54,Gb3  (3,5)
54,Ab1  (2,4)
54,Ab0  (10,11)
54.0052083333,Db2  (9,12)
54.25,Eb2  (2,4)
54.5,Gb3  (3,5)
54.5,Ab1  (9,12)
54.5,B1  (2,4)
54.75,Ab4  (6,8)
54.75,Ab4  (4,6)
54.75,D1  (9,12)
54.75,Bb0  (10,11)
55,Ab1  (9,12)
55,Bb1  (2,4)
55,F3  (3,5)
55.25,B4  (4,6)
55.25,Gb3  (3,5)
55.25,B1  (2,4)
55.25,D1  (9,12)
55.25,B4  (6,8)
55.25,B0  (10,11)
55.5,Ab3  (7,9)
55.5,Db1  (10,11)
55.5,Ab4  (6,8)
55.5,Ab4  (4,6)
55.5,Db2  (2,4)
55.5,F3  (3,5)
55.5,B0  (9,12)
55.5,Ab1  (9,12)
56,Bb4  (6,8)
56,B0  (9,12)
56,Bb4  (4,6)
56.25,B4  (4,6)
56.25,Ab0  (10,11)
56.25,B4  (6,8)
56.25,Ab1  (2,4)
56.5,Db5  (6,8)
56.5,Gb1  (2,4)
56.5,D1  (9,12)
56.5,F0  (10,11)
56.5,Db5  (4,6)
56.75,Gb0  (10,11)
56.75,Bb4  (4,6)
56.75,Bb4  (6,8)
56.75,G1  (2,4)
57,Eb3  (7,9)
57,Ab1  (2,4)
57,B0  (9,12)
57,Ab1  (9,12)
57,Gb3  (3,5)
57,B4  (4,6)
57,Ab0  (10,11)
57,B4  (6,8)
57.25,Eb2  (2,4)
57.5,Ab1  (9,12)
57.5,B1  (2,4)
57.5,Gb3  (3,5)
57.6875,Bb0  (10,11)
57.75,Bb4  (4,6)
57.75,Bb4  (6,8)
57.75,D1  (9,12)
58,Ab1  (9,12)
58,Db2  (2,4)
58,F3  (3,5)
58.1875,B0  (10,11)
58.25,Gb3  (3,5)
58.25,D1  (9,12)
58.25,Ab4  (4,6)
58.25,Eb2  (2,4)
58.25,Ab4  (6,8)
58.375,Gb4  (4,6)
58.375,Gb4  (6,8)
58.4375,Db1  (10,11)
58.5,Ab3  (7,9)
58.5,F4  (6,8)
58.5,F4  (4,6)
58.5,B0  (9,12)
58.5,Ab1  (9,12)
58.5,F3  (3,5)
58.5,F2  (2,4)
59,B4  (6,8)
59,Ab1  (9,12)
59,B0  (9,12)
59,B4  (4,6)
59,F2  (2,4)
59.25,Db5  (4,6)
59.25,Db2  (2,4)
59.25,Ab0  (10,11)
59.25,Ab1  (9,12)
59.25,Db5  (6,8)
59.5,Ab1  (9,12)
59.5,D1  (9,12)
59.5,Eb5  (6,8)
59.5,Eb5  (4,6)
59.5,F0  (10,11)
59.5,Ab1  (2,4)
59.75,Gb0  (10,11)
59.75,Gb1  (2,4)
59.75,Ab1  (9,12)
59.75,F5  (4,6)
59.75,F5  (6,8)
60,Eb3  (7,9)
60,B4  (6,8)
60,B4  (4,6)
60,Gb3  (3,5)
60,Ab1  (2,4)
60,Ab0  (10,11)
60,C1  (9,12)
60,Ab1  (9,12)
60.25,Eb2  (2,4)
60.5,B1  (2,4)
60.5,Gb3  (3,5)
60.5,Ab1  (9,12)
60.75,D1  (9,12)
60.75,Bb4  (4,6)
60.75,Bb4  (6,8)
60.75,Bb0  (10,11)
61,F3  (3,5)
61,Ab1  (9,12)
61,Bb1  (2,4)
61.25,D1  (9,12)
61.25,B1  (2,4)
61.25,B0  (10,11)
61.25,Eb4  (4,6)
61.25,Eb4  (6,8)
61.25,Gb3  (3,5)
61.5,Ab3  (7,9)
61.5,F3  (3,5)
61.5,Ab4  (6,8)
61.5,B0  (9,12)
61.5,Ab1  (9,12)
61.5,Db1  (10,11)
61.5,Db2  (2,4)
61.5,Ab4  (4,6)
62,Gb4  (6,8)
62,Gb4  (4,6)
62,B0  (9,12)
62.25,Ab0  (10,11)
62.25,Ab1  (2,4)
62.5,D1  (9,12)
62.5,Bb1  (2,4)
62.5,F4  (4,6)
62.5,F0  (10,11)
62.5,F4  (6,8)
62.75,Gb0  (10,11)
62.75,Gb1  (2,4)
63,Gb3  (3,5)
63,Ab1  (2,4)
63,B0  (9,12)
63,Ab1  (9,12)
63,Gb4  (4,6)
63,Gb4  (6,8)
63,Eb3  (7,9)
63,Ab0  (10,11)
63.25,F4  (6,8)
63.25,Eb2  (2,4)
63.25,F4  (4,6)
63.5,B1  (2,4)
63.5,Eb4  (4,6)
63.5,Gb3  (3,5)
63.5,Ab1  (9,12)
63.5,Eb4  (6,8)
63.6875,Bb0  (10,11)
63.75,Db4  (6,8)
63.75,Db4  (4,6)
63.75,D1  (9,12)
64,Ab1  (9,12)
64,F3  (3,5)
64,Db2  (2,4)
64.1875,B0  (10,11)
64.25,Eb2  (2,4)
64.25,D1  (9,12)
64.25,Ab4  (6,8)
64.25,Gb3  (3,5)
64.25,Ab4  (4,6)
64.4375,Db1  (10,11)
64.5,Ab3  (7,9)
64.5,Eb4  (4,6)
64.5,F3  (3,5)
64.5,B0  (9,12)
64.5,Ab1  (9,12)
64.5,F2  (2,4)
64.5,Eb4  (6,8)
65,B0  (9,12)
65,Ab1  (9,12)
65.25,Ab1  (9,12)
65.25,Bb3  (4,6)
65.25,Gb3  (7,9)
65.25,Bb3  (6,8)
65.5,Db4  (7,9)
65.5,B3  (6,8)
65.5,Ab0  (10,11)
65.5,B3  (4,6)
65.5,D1  (9,12)
65.5,Ab1  (9,12)
65.75,Bb3  (4,6)
65.75,Ab1  (9,12)
65.75,Bb0  (10,11)
65.75,Gb4  (7,9)
65.75,Gb2  (2,4)
65.75,Bb3  (6,8)
66,Gb3  (3,5)
66,Db4  (6,8)
66,Ab2  (2,4)
66,Db4  (4,6)
66,C1  (9,12)
66,Ab1  (9,12)
66,Ab4  (7,9)
66.0052083333,Db1  (10,11)
66.25,Eb3  (2,4)
66.5,Ab1  (9,12)
66.5,Gb3  (3,5)
66.5,B2  (2,4)
66.75,Db1  (9,12)
67,Bb2  (2,4)
67,Ab1  (9,12)
67,F3  (3,5)
67.25,Gb3  (3,5)
67.25,B2  (2,4)
67.2552083333,Db1  (9,12)
67.5,Db3  (2,4)
67.5,Ab1  (9,12)
67.5,B0  (9,12)
67.5,F3  (3,5)
67.53125,Db1  (10,11)
68,B0  (9,12)
68,Db2  (10,11)
68,Db2  (2,4)
68,F5  (5,7)
68.25,Ab2  (2,4)
68.25,Gb5  (5,7)
68.25,Gb1  (10,11)
68.5,F1  (10,11)
68.5,Db1  (9,12)
68.5,F5  (5,7)
68.5,B2  (2,4)
68.75,Gb5  (5,7)
68.75,Bb2  (2,4)
68.75,Gb1  (10,11)
69,B0  (9,12)
69,Ab1  (9,12)
69,Db1  (10,11)
69,Gb3  (3,5)
69,Ab2  (2,4)
69,F5  (5,7)
69.25,Eb3  (2,4)
69.5,B2  (2,4)
69.5,Ab1  (9,12)
69.5,Gb3  (3,5)
69.75,Db1  (9,12)
69.75,Ab5  (5,7)
70,Ab1  (9,12)
70,F3  (3,5)
70,Bb2  (2,4)
70.25,Db1  (9,12)
70.25,Gb3  (3,5)
70.25,B2  (2,4)
70.5,Db2  (10,11)
70.5,B0  (9,12)
70.5,Ab1  (9,12)
70.5,F3  (3,5)
70.5,Db3  (2,4)
70.5,Eb5  (5,7)
71.25,Bb3  (8,10)
71.25,B0  (9,12)
71.5,Gb4  (1,3)
71.5,B3  (1,3)
71.5,B4  (1,3)
71.5,Gb1  (10,11)
71.5,B3  (8,10)
71.5,B0  (9,12)
71.75,F4  (1,3)
71.75,Bb3  (1,3)
71.75,Bb4  (1,3)
71.75,Ab1  (10,11)
71.75,Bb3  (8,10)
71.75,D1  (9,12)
72,Bb1  (9,13)
72,Bb1  (2,4)
72,Ab4  (1,3)
72,Ab3  (1,3)
72,Db4  (1,3)
72,Bb1  (10,11)
72,Db4  (8,10)
72.25,F2  (2,4)
72.5,Bb1  (9,13)
72.5,Db2  (2,4)
72.75,Ab4  (1,3)
72.75,Db4  (1,3)
72.75,Ab3  (1,3)
72.75,D1  (9,12)
73,Bb1  (2,4)
73,Bb1  (9,13)
73.25,Ab4  (1,3)
73.25,Db4  (1,3)
73.25,Ab3  (1,3)
73.25,F2  (2,4)
73.5,B0  (9,12)
73.5,F4  (1,3)
73.5,F3  (1,3)
73.5,Bb3  (1,3)
73.5,Bb1  (2,4)
73.5,Bb1  (9,13)
73.75,F2  (2,4)
74,Ab3  (1,3)
74,Db4  (1,3)
74,Ab4  (1,3)
74,B0  (9,12)
74,Bb2  (2,4)
74,Bb1  (9,13)
74.25,Eb1  (10,11)
74.25,Bb3  (8,10)
74.5,F4  (1,3)
74.5,F3  (1,3)
74.5,Bb3  (1,3)
74.5,Gb1  (10,11)
74.5,C4  (8,10)
74.5,D1  (9,12)
74.5,Bb1  (9,13)
74.75,Ab1  (10,11)
74.75,Bb3  (8,10)
75,A1  (2,4)
75,G3  (1,3)
75,Db4  (1,3)
75,G4  (1,3)
75,A1  (10,11)
75,Db4  (8,10)
75,Bb1  (9,13)
75.25,E2  (2,4)
75.5,Db2  (2,4)
75.5,Bb1  (9,13)
75.75,D1  (9,12)
75.75,G3  (1,3)
75.75,Db4  (1,3)
75.75,G4  (1,3)
76,A1  (2,4)
76,Bb1  (9,13)
76.25,E2  (2,4)
76.25,D1  (9,12)
76.5,A1  (10,11)
76.5,G4  (8,10)
76.5,G3  (1,3)
76.5,Db4  (1,3)
76.5,G4  (1,3)
76.5,A1  (2,4)
76.5,B0  (9,12)
76.5,Bb1  (9,13)
76.75,E2  (2,4)
77,Db4  (1,3)
77,A3  (1,3)
77,G2  (2,4)
77,B0  (9,12)
77,Bb1  (9,13)
77.0104166667,A4  (1,3)
77.25,B0  (10,11)
77.25,Gb4  (8,10)
77.5,Gb2  (2,4)
77.5,B2  (1,3)
77.5,B3  (1,3)
77.5,Gb3  (1,3)
77.5,Db1  (10,11)
77.5,E4  (8,10)
77.5,Bb1  (9,13)
77.75,D1  (9,12)
77.75,A1  (10,11)
77.75,G4  (8,10)
78,Ab1  (2,4)
78,Gb3  (1,3)
78,B3  (1,3)
78,Gb4  (1,3)
78,Ab1  (10,11)
78,B3  (8,10)
78,Bb1  (9,13)
78.25,Eb2  (2,4)
78.25,Eb3  (1,3)
78.25,Bb3  (1,3)
78.25,Eb4  (1,3)
78.5,B1  (2,4)
78.5,Eb4  (1,3)
78.5,Eb3  (1,3)
78.5,Bb3  (1,3)
78.5,Bb1  (9,13)
78.75,D1  (9,12)
78.75,B3  (1,3)
78.75,Gb3  (1,3)
78.75,Gb4  (1,3)
79,Ab1  (2,4)
79,Bb1  (9,13)
79.25,B3  (1,3)
79.25,Gb4  (1,3)
79.25,Gb3  (1,3)
79.25,Eb2  (2,4)
79.5,B0  (9,12)
79.5,Eb4  (1,3)
79.5,Bb3  (1,3)
79.5,Eb3  (1,3)
79.5,Ab1  (2,4)
79.5,Bb1  (9,13)
79.75,Eb2  (2,4)
80,Db1  (10,11)
80,Bb3  (8,10)
80,Gb3  (1,3)
80,B3  (1,3)
80,Gb4  (1,3)
80,B0  (9,12)
80,Ab2  (2,4)
80,Bb1  (9,13)
80.5,F1  (10,11)
80.5,B3  (8,10)
80.5,Eb3  (1,3)
80.5,Bb3  (1,3)
80.5,Eb4  (1,3)
80.5,Eb2  (2,4)
80.5,D1  (9,12)
80.5,Bb1  (9,13)
81,Gb1  (10,11)
81,Bb3  (8,10)
81,C4  (1,3)
81,F3  (1,3)
81,F4  (1,3)
81,Bb1  (2,4)
81,Bb1  (9,13)
81.25,Db2  (2,4)
81.5,C4  (1,3)
81.5,Ab3  (1,3)
81.5,Ab4  (1,3)
81.5,F2  (2,4)
81.5,Bb1  (9,13)
81.75,D1  (9,12)
81.75,B3  (8,10)
81.875,Bb3  (8,10)
82,Db2  (2,4)
82,Bb1  (9,13)
82,A3  (8,10)
82.25,F4  (1,3)
82.25,C4  (1,3)
82.25,F3  (1,3)
82.25,D1  (9,12)
82.25,Bb3  (8,10)
82.5,Db2  (2,4)
82.5,F3  (1,3)
82.5,C4  (1,3)
82.5,F4  (1,3)
82.5,Bb1  (9,13)
82.5,F4  (8,10)
83,Eb2  (2,4)
83,F4  (1,3)
83,Bb3  (1,3)
83,Bb4  (1,3)
83,B0  (9,12)
83,Bb1  (9,13)
83.5,Db4  (8,10)
83.5,F2  (2,4)
83.5,Ab4  (1,3)
83.5,C4  (1,3)
83.5,C5  (1,3)
83.5,B0  (9,12)
83.5,Bb1  (9,13)
83.75,D1  (9,12)
84,E1  (10,11)
84,Eb4  (8,10)
84,E1  (2,4)
84,B3  (1,3)
84,B4  (1,3)
84,Eb4  (1,3)
84,Bb1  (9,13)
84.25,Eb2  (2,4)
84.5,B1  (2,4)
84.5,Bb1  (9,13)
84.75,D1  (9,12)
84.75,Eb4  (1,3)
84.75,Ab3  (1,3)
84.75,Ab4  (1,3)
85,Bb1  (9,13)
85.25,Eb2  (2,4)
85.25,B3  (1,3)
85.25,Eb4  (1,3)
85.25,B4  (1,3)
85.5,B0  (9,12)
85.5,E1  (2,4)
85.5,B4  (1,3)
85.5,B3  (1,3)
85.5,Eb4  (1,3)
85.5,Bb1  (9,13)
86,Eb2  (2,4)
86,Ab3  (1,3)
86,Eb4  (1,3)
86,Ab4  (1,3)
86,B0  (9,12)
86,Bb1  (9,13)
86.5,E4  (8,10)
86.5,Ab2  (2,4)
86.5,Eb4  (1,3)
86.5,Eb3  (1,3)
86.5,Ab3  (1,3)
86.5,D1  (9,12)
86.5,Bb1  (9,13)
86.625,Eb4  (8,10)
86.75,Db4  (8,10)
87,Eb1  (10,11)
87,Eb1  (2,4)
87,Eb4  (1,3)
87,Bb3  (1,3)
87,Bb4  (1,3)
87,Bb1  (9,13)
87,Eb4  (8,10)
87.25,Db2  (2,4)
87.5,Bb1  (2,4)
87.5,Bb1  (9,13)
87.75,D1  (9,12)
87.75,Gb4  (1,3)
87.75,Gb3  (1,3)
87.75,Bb3  (1,3)
88,Bb3  (8,10)
88,Bb1  (9,13)
88.25,Db2  (2,4)
88.25,Bb3  (1,3)
88.25,Eb4  (1,3)
88.25,Bb4  (1,3)
88.25,D1  (9,12)
88.5,Eb3  (8,10)
88.5,Gb3  (8,10)
88.5,Bb1  (2,4)
88.5,Bb3  (1,3)
88.5,Eb4  (1,3)
88.5,Bb4  (1,3)
88.5,Bb1  (9,13)
89,F3  (8,10)
89,Ab3  (8,10)
89,Db2  (2,4)
89,Gb3  (1,3)
89,Bb3  (1,3)
89,Gb4  (1,3)
89,B0  (9,12)
89,Bb1  (9,13)
89.5,Gb3  (8,10)
89.5,Bb3  (8,10)
89.5,Gb2  (2,4)
89.5,Bb3  (1,3)
89.5,Eb3  (1,3)
89.5,Eb4  (1,3)
89.5,B0  (9,12)
89.5,Bb1  (9,13)
89.75,D1  (9,12)
90,D1  (10,11)
90,A3  (8,10)
90,Db4  (8,10)
90,E2  (2,4)
90,A4  (1,3)
90,Bb1  (9,13)
90.25,Ab4  (1,3)
90.5,Gb4  (1,3)
90.5,Bb1  (9,13)
90.75,D1  (9,12)
90.75,E4  (1,3)
91,D4  (1,3)
91,Bb1  (9,13)
91.25,Db4  (1,3)
91.5,B0  (9,12)
91.5,B3  (1,3)
91.5,Bb1  (9,13)
91.75,A3  (1,3)
92,B0  (9,12)
92,Ab3  (1,3)
92,Bb1  (9,13)
92.25,Gb3  (1,3)
92.5,B3  (8,10)
92.5,D4  (8,10)
92.5,D2  (2,4)
92.5,D1  (9,12)
92.5,E3  (1,3)
92.5,Bb1  (9,13)
92.625,A3  (8,10)
92.625,Db4  (8,10)
92.75,D3  (1,3)
92.75,Ab3  (8,10)
92.75,B3  (8,10)
93,Eb5  (5,7)
93,D1  (10,11)
93,Db2  (2,4)
93,Db3  (1,3)
93,Bb3  (8,10)
93,Db4  (8,10)
93.25,Gb5  (5,7)
93.5,Bb5  (5,7)
93.75,Gb5  (5,7)
94,A5  (5,7)
94.25,F5  (5,7)
94.5,A3  (8,10)
94.5,C4  (8,10)
94.5,Eb5  (5,7)
94.75,Gb5  (5,7)
95,Bb5  (5,7)
95.25,Gb5  (5,7)
95.5,A5  (5,7)
95.75,F5  (5,7)
96,D1  (10,11)
96,Bb3  (8,10)
96,Db4  (8,10)
96,Eb5  (5,7)
96.25,Gb5  (5,7)
96.5,Bb5  (5,7)
96.75,Gb5  (5,7)
97,A5  (5,7)
97.25,F5  (5,7)
97.5,A3  (8,10)
97.5,C4  (8,10)
97.5,Eb5  (5,7)
97.75,Gb5  (5,7)
98,Bb5  (5,7)
98.25,Gb5  (5,7)
98.5,A5  (5,7)
98.75,F5  (5,7)
99,Eb2  (2,4)
99,D1  (10,11)
99,F4  (8,10)
99,Db4  (8,10)
99,Eb5  (5,7)
99.25,Bb2  (2,4)
99.25,Bb5  (5,7)
99.5,Gb2  (2,4)
99.5,Db6  (5,7)
99.75,Bb5  (5,7)
100,F2  (2,4)
100,C6  (5,7)
100.25,Gb2  (2,4)
100.25,Ab5  (5,7)
100.5,Ab2  (2,4)
100.5,Eb5  (5,7)
100.75,Bb5  (5,7)
101,Db6  (5,7)
101.25,Bb5  (5,7)
101.5,C6  (5,7)
101.75,Ab5  (5,7)
102,Eb2  (2,4)
102,Eb5  (5,7)
102.25,Bb2  (2,4)
102.25,Bb5  (5,7)
102.5,Gb2  (2,4)
102.5,Db6  (5,7)
102.75,Bb5  (5,7)
103,F2  (2,4)
103,C6  (5,7)
103.25,Gb2  (2,4)
103.25,Ab5  (5,7)
103.5,Ab2  (2,4)
103.5,Eb5  (5,7)
103.75,Bb5  (5,7)
0,Eb5  (0,2)
0,Eb5  (1,3)
0,Db3  (2,5)
0.25,Db4  (0,2)
0.25,Eb4  (0,2)
0.25,Db4  (1,3)
0.25,Eb4  (1,3)
0.5,Ab3  (2,5)
0.5,Ab4  (0,2)
0.5,Ab4  (1,3)
0.75,Db4  (0,2)
0.75,Eb4  (0,2)
0.75,Db4  (1,3)
0.75,Eb4  (1,3)
1,C3  (2,5)
1,Bb4  (0,2)
1,Bb4  (1,3)
1.75,Ab4  (0,2)
1.75,Ab4  (1,3)
1.875,Bb4  (0,2)
1.875,Bb4  (1,3)
2,Bb2  (2,5)
2,C5  (0,2)
2,C5  (1,3)
2.25,Ab3  (2,5)
2.25,Ab4  (0,2)
2.25,Ab4  (1,3)
2.5,Eb4  (0,2)
2.5,Eb4  (1,3)
2.5,C4  (2,5)
2.71875,Ab2  (2,5)
2.75,C4  (0,2)
2.75,C4  (1,3)
2.75,G3  (2,5)
2.75,Eb3  (2,5)
2.75,C3  (2,5)
3.25,Db4  (0,2)
3.25,Db4  (1,3)
3.46875,Bb2  (2,5)
3.5,Eb4  (0,2)
3.5,Eb4  (1,3)
3.5,F3  (2,5)
3.5,Ab3  (2,5)
3.5,Db3  (2,5)
4,Db3  (2,5)
4,Eb5  (0,2)
4,Eb5  (1,3)
4.25,Db4  (0,2)
4.25,Eb4  (0,2)
4.25,Db4  (1,3)
4.25,Eb4  (1,3)
4.5,Ab3  (2,5)
4.5,Ab4  (0,2)
4.5,Ab4  (1,3)
4.75,Db4  (0,2)
4.75,Eb4  (0,2)
4.75,Db4  (1,3)
4.75,Eb4  (1,3)
5,C3  (2,5)
5,Bb4  (0,2)
5,Bb4  (1,3)
5.75,Ab4  (0,2)
5.75,Ab4  (1,3)
5.875,Bb4  (0,2)
5.875,Bb4  (1,3)
6,Bb2  (2,5)
6,C5  (0,2)
6,C5  (1,3)
6.25,Db5  (0,2)
6.25,Db5  (1,3)
6.25,Ab3  (2,5)
6.5,C5  (0,2)
6.5,C5  (1,3)
6.5,C4  (2,5)
6.71875,G3  (2,5)
6.71875,Eb3  (2,5)
6.75,Bb4  (0,2)
6.75,Bb4  (1,3)
6.75,Bb3  (2,5)
7.25,C5  (0,2)
7.25,C5  (1,3)
7.46875,F3  (2,5)
7.5,Ab4  (0,2)
7.5,Ab4  (1,3)
7.5,Ab3  (2,5)
7.5,C4  (2,5)
7.5,Eb4  (2,5)
8,Db3  (2,5)
8,Eb5  (0,2)
8,Eb5  (1,3)
8.25,Db4  (0,2)
8.25,Eb4  (0,2)
8.25,Db4  (1,3)
8.25,Eb4  (1,3)
8.5,Ab3  (2,5)
8.5,Ab4  (0,2)
8.5,Ab4  (1,3)
8.75,Db4  (0,2)
8.75,Eb4  (0,2)
8.75,Db4  (1,3)
8.75,Eb4  (1,3)
9,C3  (2,5)
9,Bb4  (0,2)
9,Bb4  (1,3)
9.75,Ab4  (0,2)
9.75,Ab4  (1,3)
9.875,Bb4  (0,2)
9.875,Bb4  (1,3)
10,Bb2  (2,5)
10,C5  (0,2)
10,C5  (1,3)
10.25,Ab3  (2,5)
10.25,Ab4  (0,2)
10.25,Ab4  (1,3)
10.5,Eb4  (0,2)
10.5,Eb4  (1,3)
10.5,C4  (2,5)
10.71875,Ab2  (2,5)
10.75,C4  (0,2)
10.75,C4  (1,3)
10.75,G3  (2,5)
10.75,Eb3  (2,5)
10.75,C3  (2,5)
11.25,Db4  (0,2)
11.25,Db4  (1,3)
11.46875,Bb2  (2,5)
11.5,Eb4  (0,2)
11.5,Eb4  (1,3)
11.5,F3  (2,5)
11.5,Ab3  (2,5)
11.5,Db3  (2,5)
12,Db3  (2,5)
12,Eb5  (0,2)
12,Eb5  (1,3)
12.25,Db4  (0,2)
12.25,Eb4  (0,2)
12.25,Db4  (1,3)
12.25,Eb4  (1,3)
12.5,Ab3  (2,5)
12.5,Ab4  (0,2)
12.5,Ab4  (1,3)
12.75,Db4  (0,2)
12.75,Eb4  (0,2)
12.75,Db4  (1,3)
12.75,Eb4  (1,3)
13,C3  (2,5)
13,Bb4  (0,2)
13,Bb4  (1,3)
13.75,Ab4  (0,2)
13.75,Ab4  (1,3)
13.875,Bb4  (0,2)
13.875,Bb4  (1,3)
14,Bb2  (2,5)
14,C5  (0,2)
14,C5  (1,3)
14.25,Db5  (0,2)
14.25,Db5  (1,3)
14.25,Ab3  (2,5)
14.5,C5  (0,2)
14.5,C5  (1,3)
14.5,C4  (2,5)
14.71875,G3  (2,5)
14.71875,Eb3  (2,5)
14.75,Bb4  (0,2)
14.75,Bb4  (1,3)
14.75,Bb3  (2,5)
16,Db3  (3,6)
16,Db3  (2,5)
16,Eb5  (0,2)
16,Eb5  (1,3)
16.25,Ab3  (3,6)
16.25,Ab3  (2,5)
16.5,Bb3  (3,6)
16.5,Bb3  (2,5)
16.75,Eb4  (0,2)
16.75,Eb4  (1,3)
16.75,Ab3  (3,6)
16.75,Ab3  (2,5)
16.875,Ab4  (0,2)
16.875,Ab4  (1,3)
17,Bb4  (0,2)
17,Bb4  (1,3)
17.25,C5  (0,2)
17.25,C5  (1,3)
17.5,Bb4  (0,2)
17.5,Bb4  (1,3)
17.5625,C5  (0,2)
17.5625,C5  (1,3)
17.625,Bb4  (0,2)
17.625,Bb4  (1,3)
17.6875,Ab4  (0,2)
17.6875,Ab4  (1,3)
18,Db3  (3,6)
18,Db3  (2,5)
18,Eb5  (0,2)
18,Eb5  (1,3)
18.25,Ab3  (3,6)
18.25,Ab3  (2,5)
18.5,Bb3  (3,6)
18.5,Bb3  (2,5)
18.75,Eb4  (0,2)
18.75,Eb4  (1,3)
18.75,Ab3  (3,6)
18.75,Ab3  (2,5)
18.875,Ab4  (0,2)
18.875,Ab4  (1,3)
19,Bb4  (0,2)
19,Bb4  (1,3)
19.25,C5  (0,2)
19.25,C5  (1,3)
19.5,Bb4  (0,2)
19.5,Bb4  (1,3)
19.5625,C5  (0,2)
19.5625,C5  (1,3)
19.625,Bb4  (0,2)
19.625,Bb4  (1,3)
19.6875,Ab4  (0,2)
19.6875,Ab4  (1,3)
20,Ab2  (3,6)
20,Ab2  (2,5)
20,Ab4  (0,2)
20,C5  (0,2)
20,Ab4  (1,3)
20,C5  (1,3)
20.25,Eb3  (3,6)
20.25,Eb3  (2,5)
20.5,Ab3  (3,6)
20.5,Ab3  (2,5)
20.75,Ab4  (0,2)
20.75,C5  (0,2)
20.75,Ab4  (1,3)
20.75,C5  (1,3)
20.75,Eb3  (3,6)
20.75,Eb3  (2,5)
21,Bb4  (0,2)
21,Db5  (0,2)
21,Bb4  (1,3)
21,Db5  (1,3)
21,Bb2  (3,6)
21,Bb2  (2,5)
21.25,Ab4  (0,2)
21.25,C5  (0,2)
21.25,Ab4  (1,3)
21.25,C5  (1,3)
21.25,F3  (3,6)
21.25,F3  (2,5)
21.5,Bb4  (0,2)
21.5,Db5  (0,2)
21.5,Bb4  (1,3)
21.5,Db5  (1,3)
21.5,Bb3  (3,6)
21.5,Bb3  (2,5)
21.75,Db5  (0,2)
21.75,F5  (0,2)
21.75,Db5  (1,3)
21.75,F5  (1,3)
21.75,F3  (3,6)
21.75,F3  (2,5)
22,C5  (0,2)
22,Eb5  (0,2)
22,C5  (1,3)
22,Eb5  (1,3)
22,C3  (3,6)
22,C3  (2,5)
22.25,Ab3  (3,6)
22.25,Ab3  (2,5)
22.5,C4  (3,6)
22.5,C4  (2,5)
22.71875,Db3  (2,5)
22.71875,F3  (2,5)
22.75,Db4  (3,6)
22.75,Db4  (2,5)
22.75,Bb3  (2,5)
23.25,Eb4  (3,6)
23.25,Eb4  (2,5)
23.5,C4  (3,6)
23.5,Ab3  (2,5)
23.625,F3  (2,5)
23.75,Bb3  (3,6)
23.75,Eb3  (2,5)
24,Eb5  (0,2)
24,Eb5  (1,3)
24,Db3  (3,6)
24,Db3  (2,5)
24.25,Ab3  (3,6)
24.25,Ab3  (2,5)
24.5,Bb3  (3,6)
24.5,Bb3  (2,5)
24.75,Eb4  (0,2)
24.75,Eb4  (1,3)
24.75,Ab3  (3,6)
24.75,Ab3  (2,5)
24.875,Ab4  (0,2)
24.875,Ab4  (1,3)
25,Bb4  (0,2)
25,Bb4  (1,3)
25.25,C5  (0,2)
25.25,C5  (1,3)
25.5,Bb4  (0,2)
25.5,Bb4  (1,3)
25.5625,C5  (0,2)
25.5625,C5  (1,3)
25.625,Bb4  (0,2)
25.625,Bb4  (1,3)
25.6875,Ab4  (0,2)
25.6875,Ab4  (1,3)
26,Db3  (3,6)
26,Db3  (2,5)
26,Eb5  (0,2)
26,Eb5  (1,3)
26.25,Ab3  (3,6)
26.25,Ab3  (2,5)
26.5,Bb3  (3,6)
26.5,Bb3  (2,5)
26.75,Eb4  (0,2)
26.75,Eb4  (1,3)
26.75,Ab3  (3,6)
26.75,Ab3  (2,5)
26.875,Ab4  (0,2)
26.875,Ab4  (1,3)
27,Bb4  (0,2)
27,Bb4  (1,3)
27.25,C5  (0,2)
27.25,C5  (1,3)
27.5,Bb4  (0,2)
27.5,Bb4  (1,3)
27.5625,C5  (0,2)
27.5625,C5  (1,3)
27.625,Bb4  (0,2)
27.625,Bb4  (1,3)
27.6875,Ab4  (0,2)
27.6875,Ab4  (1,3)
28,Ab2  (3,6)
28,Ab2  (2,5)
28,Ab4  (0,2)
28,C5  (0,2)
28,Ab4  (1,3)
28,C5  (1,3)
28.25,Eb3  (3,6)
28.25,Eb3  (2,5)
28.5,Ab3  (3,6)
28.5,Ab3  (2,5)
28.75,Ab4  (0,2)
28.75,C5  (0,2)
28.75,Ab4  (1,3)
28.75,C5  (1,3)
28.75,C3  (3,6)
28.75,C3  (2,5)
29,Bb4  (0,2)
29,Db5  (0,2)
29,Bb4  (1,3)
29,Db5  (1,3)
29,Db3  (3,6)
29,Db3  (2,5)
29.25,Ab4  (0,2)
29.25,C5  (0,2)
29.25,Ab4  (1,3)
29.25,C5  (1,3)
29.5,G4  (0,2)
29.5,Bb4  (0,2)
29.5,G4  (1,3)
29.5,Bb4  (1,3)
29.5,Eb3  (3,6)
29.5,Eb3  (2,5)
29.875,Eb4  (0,2)
29.875,Ab4  (0,2)
29.875,Eb4  (1,3)
29.875,Ab4  (1,3)
30,Ab2  (3,6)
30,Ab2  (2,5)
30,Eb4  (0,2)
30,Ab4  (0,2)
30,Eb4  (1,3)
30,Ab4  (1,3)
30.25,C3  (3,6)
30.25,C3  (2,5)
30.5,Eb3  (3,6)
30.5,Eb3  (2,5)
30.75,Ab3  (3,6)
30.75,Ab3  (2,5)
31.25,B4  (9,10)
31.25,G3  (3,6)
31.25,G3  (2,5)
31.5,B4  (9,10)
31.5,Eb3  (3,6)
31.5,Eb3  (2,5)
31.75,B4  (9,10)
31.75,Bb2  (3,6)
31.75,Bb2  (2,5)
32,Eb5  (0,2)
32,Eb5  (1,3)
32,B4  (9,10)
32,Db3  (3,6)
32,Db2  (3,6)
32,Db3  (2,5)
32.25,B4  (9,10)
32.25,Ab3  (3,6)
32.25,Ab2  (3,6)
32.25,Ab3  (2,5)
32.5,B4  (9,10)
32.5,Bb3  (3,6)
32.5,Bb2  (3,6)
32.5,Bb3  (2,5)
32.75,Eb4  (0,2)
32.75,Eb4  (1,3)
32.75,B4  (9,10)
32.75,Ab3  (3,6)
32.75,Eb3  (3,6)
32.75,Ab3  (2,5)
32.875,Ab4  (0,2)
32.875,Ab4  (1,3)
33,Ab3  (7,4)
33,Bb4  (0,2)
33,Bb4  (1,3)
33.25,C5  (0,2)
33.25,C5  (1,3)
33.5,Bb4  (0,2)
33.5,Bb4  (1,3)
33.5625,C5  (0,2)
33.5625,C5  (1,3)
33.625,Bb4  (0,2)
33.625,Bb4  (1,3)
33.6875,Ab4  (0,2)
33.6875,Ab4  (1,3)
34,B4  (9,10)
34,Db3  (3,6)
34,Db2  (3,6)
34,Db3  (2,5)
34,Eb5  (0,2)
34,Eb5  (1,3)
34.25,B4  (9,10)
34.25,Ab3  (3,6)
34.25,Ab2  (3,6)
34.25,Ab3  (2,5)
34.5,B4  (9,10)
34.5,Bb3  (3,6)
34.5,Bb2  (3,6)
34.5,Bb3  (2,5)
34.75,Eb4  (0,2)
34.75,Eb4  (1,3)
34.75,B4  (9,10)
34.75,Ab3  (3,6)
34.75,Eb3  (3,6)
34.75,Ab3  (2,5)
34.875,Ab4  (0,2)
34.875,Ab4  (1,3)
35,Ab3  (7,4)
35,Bb4  (0,2)
35,Bb4  (1,3)
35.25,Ab2  (3,6)
35.25,C5  (0,2)
35.25,C5  (1,3)
35.5,G2  (3,6)
35.5,Bb4  (0,2)
35.5,Bb4  (1,3)
35.5625,C5  (0,2)
35.5625,C5  (1,3)
35.625,Bb4  (0,2)
35.625,Bb4  (1,3)
35.6875,Ab4  (0,2)
35.6875,Ab4  (1,3)
35.75,Eb2  (3,6)
36,B4  (9,10)
36,Ab2  (2,5)
36,Ab4  (0,2)
36,C5  (0,2)
36,Ab4  (1,3)
36,C5  (1,3)
36,Ab2  (3,6)
36,Ab1  (3,6)
36.25,B4  (9,10)
36.25,Eb3  (2,5)
36.25,Eb3  (3,6)
36.25,C2  (3,6)
36.5,B4  (9,10)
36.5,Ab3  (2,5)
36.5,Ab3  (3,6)
36.5,Eb2  (3,6)
36.75,Ab4  (0,2)
36.75,C5  (0,2)
36.75,Ab4  (1,3)
36.75,C5  (1,3)
36.75,B4  (9,10)
36.75,Eb3  (2,5)
36.75,Eb3  (3,6)
36.75,C2  (3,6)
37,Bb4  (0,2)
37,Db5  (0,2)
37,Bb4  (1,3)
37,Db5  (1,3)
37,B4  (9,10)
37,Bb2  (2,5)
37,Bb1  (3,6)
37,Bb2  (3,6)
37.25,Ab4  (0,2)
37.25,C5  (0,2)
37.25,Ab4  (1,3)
37.25,C5  (1,3)
37.25,B4  (9,10)
37.25,F3  (2,5)
37.25,Db2  (3,6)
37.25,F3  (3,6)
37.5,Bb4  (0,2)
37.5,Db5  (0,2)
37.5,Bb4  (1,3)
37.5,Db5  (1,3)
37.5,B4  (9,10)
37.5,Bb3  (2,5)
37.5,F2  (3,6)
37.5,Bb3  (3,6)
37.75,Db5  (0,2)
37.75,F5  (0,2)
37.75,Db5  (1,3)
37.75,F5  (1,3)
37.75,B4  (9,10)
37.75,F3  (2,5)
37.75,Db2  (3,6)
37.75,F3  (3,6)
38,C5  (0,2)
38,Eb5  (0,2)
38,C5  (1,3)
38,Eb5  (1,3)
38,B4  (9,10)
38,C3  (2,5)
38,C3  (3,6)
38,C2  (3,6)
38.25,B4  (9,10)
38.25,Ab3  (2,5)
38.25,Ab3  (3,6)
38.25,Eb2  (3,6)
38.5,B4  (9,10)
38.5,C4  (2,5)
38.5,C4  (3,6)
38.5,Ab2  (3,6)
38.71875,F3  (2,5)
38.71875,Db3  (2,5)
38.75,B4  (9,10)
38.75,Db4  (3,6)
38.75,Db3  (3,6)
38.75,Bb3  (2,5)
38.75,Db4  (2,5)
39.25,C3  (3,6)
39.25,Eb4  (3,6)
39.25,Eb4  (2,5)
39.5,Ab2  (3,6)
39.5,C4  (3,6)
39.5,Ab3  (2,5)
39.625,F3  (2,5)
39.75,Eb2  (3,6)
39.75,Bb3  (3,6)
39.75,Eb3  (2,5)
40,Eb5  (0,2)
40,Eb5  (1,3)
40,B4  (9,10)
40,Db3  (3,6)
40,Db2  (3,6)
40,Db3  (2,5)
40.25,B4  (9,10)
40.25,Ab3  (3,6)
40.25,Ab2  (3,6)
40.25,Ab3  (2,5)
40.5,B4  (9,10)
40.5,Bb3  (3,6)
40.5,Bb2  (3,6)
40.5,Bb3  (2,5)
40.75,Eb4  (0,2)
40.75,Eb4  (1,3)
40.75,B4  (9,10)
40.75,Ab3  (3,6)
40.75,Eb3  (3,6)
40.75,Ab3  (2,5)
40.875,Ab4  (0,2)
40.875,Ab4  (1,3)
41,Ab3  (7,4)
41,Bb4  (0,2)
41,Bb4  (1,3)
41.25,C5  (0,2)
41.25,C5  (1,3)
41.5,Bb4  (0,2)
41.5,Bb4  (1,3)
41.5625,C5  (0,2)
41.5625,C5  (1,3)
41.625,Bb4  (0,2)
41.625,Bb4  (1,3)
41.6875,Ab4  (0,2)
41.6875,Ab4  (1,3)
42,B4  (9,10)
42,Db3  (3,6)
42,Db2  (3,6)
42,Db3  (2,5)
42,Eb5  (0,2)
42,Eb5  (1,3)
42.25,B4  (9,10)
42.25,Ab3  (3,6)
42.25,Ab2  (3,6)
42.25,Ab3  (2,5)
42.5,B4  (9,10)
42.5,Bb3  (3,6)
42.5,Bb2  (3,6)
42.5,Bb3  (2,5)
42.75,Eb4  (0,2)
42.75,Eb4  (1,3)
42.75,B4  (9,10)
42.75,Ab3  (3,6)
42.75,Eb3  (3,6)
42.75,Ab3  (2,5)
42.875,Ab4  (0,2)
42.875,Ab4  (1,3)
43,Ab3  (7,4)
43,Bb4  (0,2)
43,Bb4  (1,3)
43.25,Ab2  (3,6)
43.25,C5  (0,2)
43.25,C5  (1,3)
43.5,G2  (3,6)
43.5,Bb4  (0,2)
43.5,Bb4  (1,3)
43.5625,C5  (0,2)
43.5625,C5  (1,3)
43.625,Bb4  (0,2)
43.625,Bb4  (1,3)
43.6875,Ab4  (0,2)
43.6875,Ab4  (1,3)
43.75,Eb2  (3,6)
44,B4  (9,10)
44,Ab2  (2,5)
44,Ab4  (0,2)
44,C5  (0,2)
44,Ab4  (1,3)
44,C5  (1,3)
44,Ab2  (3,6)
44,Ab1  (3,6)
44.25,B4  (9,10)
44.25,Eb3  (2,5)
44.25,Eb3  (3,6)
44.25,C2  (3,6)
44.5,B4  (9,10)
44.5,Ab3  (2,5)
44.5,Ab3  (3,6)
44.5,Eb2  (3,6)
44.75,Ab4  (0,2)
44.75,C5  (0,2)
44.75,Ab4  (1,3)
44.75,C5  (1,3)
44.75,B4  (9,10)
44.75,C3  (2,5)
44.75,C3  (3,6)
44.75,C2  (3,6)
45,Bb4  (0,2)
45,Db5  (0,2)
45,Bb4  (1,3)
45,Db5  (1,3)
45,B4  (9,10)
45,Db3  (2,5)
45,Db3  (3,6)
45,Bb1  (3,6)
45.25,Ab4  (0,2)
45.25,C5  (0,2)
45.25,Ab4  (1,3)
45.25,C5  (1,3)
45.5,G4  (0,2)
45.5,Bb4  (0,2)
45.5,G4  (1,3)
45.5,Bb4  (1,3)
45.5,B4  (9,10)
45.5,Eb3  (2,5)
45.5,Eb3  (3,6)
45.5,Eb2  (3,6)
45.875,Eb4  (0,2)
45.875,Ab4  (0,2)
45.875,Eb4  (1,3)
45.875,Ab4  (1,3)
46,B4  (9,10)
46,Ab2  (2,5)
46,Ab2  (3,6)
46,Ab1  (3,6)
46,Eb4  (0,2)
46,Ab4  (0,2)
46,Eb4  (1,3)
46,Ab4  (1,3)
46.25,B4  (9,10)
46.25,C3  (2,5)
46.25,C3  (3,6)
46.25,C2  (3,6)
46.5,B4  (9,10)
46.5,Eb3  (2,5)
46.5,Eb3  (3,6)
46.5,Ab2  (3,6)
46.75,B4  (9,10)
46.75,Ab3  (2,5)
46.75,Ab3  (3,6)
46.75,Eb3  (3,6)
47.25,B4  (9,10)
47.25,G3  (2,5)
47.25,G3  (3,6)
47.25,Ab2  (3,6)
47.5,B4  (9,10)
47.5,Eb3  (2,5)
47.5,Eb3  (3,6)
47.5,G2  (3,6)
47.75,B4  (9,10)
47.75,Bb2  (2,5)
47.75,Bb2  (3,6)
47.75,Db2  (3,6)
48,Eb2  (6,9)
48,Eb3  (6,9)
48,C2  (6,9)
48,C3  (6,9)
48,B4  (9,10)
48,C2  (3,6)
48.25,Eb4  (4,7)
48.25,Eb4  (5,8)
48.25,Eb4  (0,2)
48.25,Eb5  (0,2)
48.25,Ab4  (1,3)
48.25,Eb4  (1,3)
48.25,B4  (9,10)
48.5,B4  (9,10)
48.5,Eb4  (4,7)
48.5,Eb4  (5,8)
48.5,Eb4  (0,2)
48.5,Eb5  (0,2)
48.5,Ab4  (1,3)
48.5,Eb4  (1,3)
48.75,C2  (3,6)
48.75,B4  (9,10)
48.75,Eb4  (4,7)
48.75,Eb4  (5,8)
48.75,Eb4  (0,2)
48.75,Eb5  (0,2)
48.75,Ab4  (1,3)
48.75,Eb4  (1,3)
49,B4  (9,10)
49,Eb4  (4,7)
49,Eb4  (5,8)
49,Eb4  (0,2)
49,Eb5  (0,2)
49,Ab4  (1,3)
49,Eb4  (1,3)
49.25,B4  (9,10)
49.25,Db4  (4,7)
49.25,Db4  (5,8)
49.25,Db4  (0,2)
49.25,Db4  (1,3)
49.5,C2  (3,6)
49.5,B4  (9,10)
49.5,C4  (4,7)
49.5,C4  (5,8)
49.5,C4  (0,2)
49.5,C4  (1,3)
49.75,B4  (9,10)
49.75,Db4  (4,7)
49.75,Db4  (5,8)
49.75,Db4  (0,2)
49.75,Db4  (1,3)
50,Eb2  (6,9)
50,Ab2  (6,9)
50,Ab3  (6,9)
50,Eb3  (6,9)
50,Db2  (3,6)
50,B4  (9,10)
50,Eb4  (4,7)
50,Eb4  (5,8)
50,Eb4  (0,2)
50,Eb5  (0,2)
50,Ab4  (1,3)
50,Eb4  (1,3)
50.25,B4  (9,10)
50.5,Ab4  (4,7)
50.5,Ab4  (5,8)
50.5,Ab5  (0,2)
50.5,Ab4  (0,2)
50.5,C5  (1,3)
50.5,Ab4  (1,3)
50.5,B4  (9,10)
50.75,Db2  (3,6)
50.75,B4  (9,10)
51,Eb4  (4,7)
51,Eb4  (5,8)
51,Eb4  (0,2)
51,Eb5  (0,2)
51,Ab4  (1,3)
51,Eb4  (1,3)
51,B4  (9,10)
51.25,B4  (9,10)
51.5,Db2  (3,6)
51.5,B4  (9,10)
51.75,B4  (9,10)
52,G2  (6,9)
52,Bb2  (6,9)
52,Bb3  (6,9)
52,G3  (6,9)
52,C2  (3,6)
52,B4  (9,10)
52.25,Eb5  (4,7)
52.25,Eb5  (5,8)
52.25,Eb4  (0,2)
52.25,Ab4  (0,2)
52.25,Ab4  (1,3)
52.25,Eb4  (1,3)
52.25,B4  (9,10)
52.5,Eb5  (5,8)
52.5,B4  (9,10)
52.5,Eb5  (4,7)
52.5,Eb4  (0,2)
52.5,Ab4  (0,2)
52.5,Ab4  (1,3)
52.5,Eb4  (1,3)
52.75,C2  (3,6)
52.75,Eb5  (5,8)
52.75,B4  (9,10)
52.75,Eb5  (4,7)
52.75,Eb4  (0,2)
52.75,Ab4  (0,2)
52.75,Ab4  (1,3)
52.75,Eb4  (1,3)
53,Eb5  (5,8)
53,B4  (9,10)
53,Eb5  (4,7)
53,Eb4  (0,2)
53,Ab4  (0,2)
53,Ab4  (1,3)
53,Eb4  (1,3)
53.25,Db5  (5,8)
53.25,B4  (9,10)
53.25,Db5  (4,7)
53.25,Db4  (0,2)
53.25,Db4  (1,3)
53.5,C2  (3,6)
53.5,C5  (5,8)
53.5,B4  (9,10)
53.5,C5  (4,7)
53.5,C4  (0,2)
53.5,C4  (1,3)
53.75,Db5  (5,8)
53.75,B4  (9,10)
53.75,Db5  (4,7)
53.75,Db4  (0,2)
53.75,Db4  (1,3)
54,G2  (6,9)
54,Eb3  (6,9)
54,G3  (6,9)
54,Eb4  (6,9)
54,Eb2  (3,6)
54,Eb5  (5,8)
54,B4  (9,10)
54,Eb5  (4,7)
54,Eb5  (0,2)
54,Eb5  (1,3)
54.25,Bb4  (5,8)
54.25,Bb4  (4,7)
54.25,Bb4  (0,2)
54.25,Bb4  (1,3)
54.5,G4  (5,8)
54.5,G4  (4,7)
54.5,G4  (0,2)
54.5,G4  (1,3)
54.75,Ab2  (6,9)
54.75,Eb3  (6,9)
54.75,Ab3  (6,9)
54.75,Eb4  (6,9)
54.75,F2  (3,6)
54.75,B4  (9,10)
54.75,Ab4  (5,8)
54.75,Ab4  (4,7)
54.75,Ab4  (0,2)
54.75,Ab4  (1,3)
55.25,G2  (3,6)
55.25,B4  (9,10)
55.5,F2  (3,6)
55.5,B4  (9,10)
55.75,B4  (9,10)
56,C2  (6,9)
56,Eb2  (6,9)
56,C3  (6,9)
56,Eb3  (6,9)
56,C2  (3,6)
56,B4  (9,10)
56.25,Eb4  (5,8)
56.25,Eb4  (4,7)
56.25,Eb4  (0,2)
56.25,Eb5  (0,2)
56.25,Ab4  (1,3)
56.25,Eb4  (1,3)
56.25,B4  (9,10)
56.5,Eb4  (5,8)
56.5,B4  (9,10)
56.5,Eb4  (4,7)
56.5,Eb4  (0,2)
56.5,Eb5  (0,2)
56.5,Ab4  (1,3)
56.5,Eb4  (1,3)
56.75,C2  (3,6)
56.75,Eb4  (5,8)
56.75,B4  (9,10)
56.75,Eb4  (4,7)
56.75,Eb4  (0,2)
56.75,Eb5  (0,2)
56.75,Ab4  (1,3)
56.75,Eb4  (1,3)
57,Eb4  (5,8)
57,B4  (9,10)
57,Eb4  (4,7)
57,Eb4  (0,2)
57,Eb5  (0,2)
57,Ab4  (1,3)
57,Eb4  (1,3)
57.25,Db4  (5,8)
57.25,B4  (9,10)
57.25,Db4  (4,7)
57.25,Db4  (0,2)
57.25,Db4  (1,3)
57.5,C2  (3,6)
57.5,C4  (5,8)
57.5,B4  (9,10)
57.5,C4  (4,7)
57.5,C4  (0,2)
57.5,C4  (1,3)
57.75,Db4  (5,8)
57.75,B4  (9,10)
57.75,Db4  (4,7)
57.75,Db4  (0,2)
57.75,Db4  (1,3)
58,Eb2  (6,9)
58,Eb3  (6,9)
58,Ab2  (6,9)
58,Ab3  (6,9)
58,Db2  (3,6)
58,Eb4  (5,8)
58,B4  (9,10)
58,Eb4  (4,7)
58,Eb4  (0,2)
58,Eb5  (0,2)
58,Eb4  (1,3)
58,Ab4  (1,3)
58.25,B4  (9,10)
58.5,Ab4  (5,8)
58.5,Ab4  (4,7)
58.5,Ab5  (0,2)
58.5,Ab4  (0,2)
58.5,C5  (1,3)
58.5,Ab4  (1,3)
58.5,B4  (9,10)
58.75,Db2  (3,6)
58.75,B4  (9,10)
59,Eb4  (5,8)
59,Eb4  (4,7)
59,Eb4  (0,2)
59,Eb5  (0,2)
59,Eb4  (1,3)
59,Ab4  (1,3)
59,B4  (9,10)
59.25,B4  (9,10)
59.5,Db2  (3,6)
59.5,B4  (9,10)
59.75,Ab4  (2,5)
59.75,B4  (9,10)
59.875,Bb4  (2,5)
60,B4  (9,10)
60,Bb2  (2,5)
60,Ab3  (2,5)
60,C5  (2,5)
60.25,B4  (9,10)
60.25,C5  (2,5)
60.5,C5  (2,5)
60.75,B4  (9,10)
60.75,C5  (2,5)
61,B4  (9,10)
61,C5  (2,5)
61.25,Bb4  (2,5)
61.5,B4  (9,10)
61.5,Db3  (2,5)
61.5,Ab3  (2,5)
61.5,C5  (2,5)
61.75,F5  (2,5)
62,B4  (9,10)
62,Eb3  (2,5)
62,Bb3  (2,5)
62,Eb5  (2,5)
0,A1  (1,3)
0.25,E2  (1,3)
0.375,A2  (1,3)
0.625,B2  (1,3)
1,E2  (1,3)
1.125,A2  (1,3)
1.375,B2  (1,3)
1.5,Db2  (1,3)
1.75,E2  (1,3)
1.875,A2  (1,3)
2.125,E3  (1,3)
2.5,E2  (1,3)
2.625,A2  (1,3)
2.875,B2  (1,3)
3,C2  (1,3)
3.25,E2  (1,3)
3.375,A2  (1,3)
3.625,B2  (1,3)
4,E2  (1,3)
4.125,A2  (1,3)
4.375,B2  (1,3)
4.75,E2  (1,3)
4.875,A2  (1,3)
5.125,E3  (1,3)
6,A1  (1,3)
6.25,E2  (1,3)
6.375,A2  (1,3)
6.625,B2  (1,3)
7,E2  (1,3)
7.125,A2  (1,3)
7.375,B2  (1,3)
7.5,Db2  (1,3)
7.75,E2  (1,3)
7.875,A2  (1,3)
8.125,B2  (1,3)
8.5,E2  (1,3)
8.625,A2  (1,3)
8.875,B2  (1,3)
9,D2  (1,3)
9.25,Gb2  (1,3)
9.375,A2  (1,3)
9.625,E3  (1,3)
10,E2  (1,3)
10.125,A2  (1,3)
10.375,B2  (1,3)
10.75,A3  (1,3)
10.875,Ab3  (1,3)
11.125,E3  (1,3)
11.5,A2  (1,3)
11.625,B2  (1,3)
11.875,A2  (1,3)
12,A1  (1,3)
12.25,E2  (1,3)
12.375,A2  (1,3)
12.625,B2  (1,3)
13,E2  (1,3)
13.125,A2  (1,3)
13.375,B2  (1,3)
13.5,Db2  (1,3)
13.75,E2  (1,3)
13.875,A2  (1,3)
14.125,B2  (1,3)
14.5,E2  (1,3)
14.625,A2  (1,3)
14.875,B2  (1,3)
15,C2  (1,3)
15.25,E2  (1,3)
15.375,A2  (1,3)
15.625,B2  (1,3)
16,E3  (1,3)
16.125,B2  (1,3)
16.375,A2  (1,3)
16.5,C2  (1,3)
16.75,E2  (1,3)
16.875,A2  (1,3)
17.125,B1  (1,3)
17.125,B2  (1,3)
17.5,E3  (1,3)
17.625,E2  (1,3)
17.875,A2  (1,3)
18,A1  (1,3)
18.25,E2  (1,3)
18.375,A2  (1,3)
18.625,B2  (1,3)
19,E2  (1,3)
19.125,A2  (1,3)
19.375,E3  (1,3)
19.5,Db2  (1,3)
19.75,E2  (1,3)
19.875,A2  (1,3)
20.125,E3  (1,3)
20.5,D3  (1,3)
20.625,Db3  (1,3)
20.875,A2  (1,3)
21,C2  (1,3)
21.25,E2  (1,3)
21.375,A2  (1,3)
21.625,B2  (1,3)
22,E2  (1,3)
22.125,A2  (1,3)
22.375,B2  (1,3)
22.5,B1  (1,3)
22.75,A2  (1,3)
23,B2  (1,3)
23.25,E2  (1,3)
23.28125,A2  (1,3)
23.3125,E3  (1,3)
24,E3  (0,2)
24,A1  (1,3)
24.5,E2  (1,3)
24.6666666667,A2  (1,3)
25,E4  (0,2)
25,B2  (1,3)
25.5833333333,A2  (1,3)
25.75,E2  (1,3)
26.3125,B3  (0,2)
26.3333333333,Db2  (1,3)
26.8333333333,Ab2  (1,3)
27,B2  (1,3)
27.3333333333,E3  (1,3)
27.8333333333,B2  (1,3)
28,Ab2  (1,3)
28.5,A3  (0,2)
28.5,C2  (1,3)
29,A2  (1,3)
29.3333333333,E4  (0,2)
29.3333333333,E3  (1,3)
29.8333333333,A2  (1,3)
30,E2  (1,3)
30.3333333333,E3  (0,2)
30.3333333333,B1  (1,3)
30.8333333333,Gb2  (1,3)
31,A2  (1,3)
31.3333333333,B2  (1,3)
31.5,E2  (1,3)
31.8333333333,A1  (1,3)
32,B1  (1,3)
32.3333333333,E2  (1,3)
32.5,E3  (0,2)
32.5,A1  (1,3)
33,E2  (1,3)
33.1666666667,A2  (1,3)
33.75,A3  (0,2)
33.75,B2  (1,3)
34.1666666667,E2  (1,3)
34.6666666667,E3  (0,2)
34.6666666667,Db2  (1,3)
34.7083333333,E4  (0,2)
35.25,A2  (1,3)
35.5,Gb4  (0,2)
35.5,B2  (1,3)
36,A2  (1,3)
36.1666666667,B2  (1,3)
36.6666666667,E4  (0,2)
36.6666666667,C2  (1,3)
37.1666666667,G2  (1,3)
37.75,B3  (0,2)
37.75,B1  (1,3)
38.1666666667,B2  (1,3)
38.5,A3  (0,2)
38.5,A1  (1,3)
38.8333333333,E2  (1,3)
39,A2  (1,3)
39.3333333333,Db3  (1,3)
39.5,B2  (1,3)
39.8333333333,A2  (1,3)
40,E2  (1,3)
40.5,E3  (0,2)
40.5,A1  (1,3)
40.875,E2  (1,3)
41,A2  (1,3)
41.375,E4  (0,2)
41.375,B2  (1,3)
41.875,A2  (1,3)
42,E2  (1,3)
42.5,B3  (0,2)
42.5,Db2  (1,3)
42.875,Ab2  (1,3)
43,B2  (1,3)
43.375,E3  (1,3)
43.875,B2  (1,3)
44,Ab2  (1,3)
44.5,A3  (0,2)
44.5,C2  (1,3)
44.875,G2  (1,3)
45,C3  (1,3)
45.5,E4  (0,2)
45.875,C3  (1,3)
46,G2  (1,3)
46.375,E3  (0,2)
46.375,B1  (1,3)
46.8333333333,E2  (1,3)
47,B2  (1,3)
47.3333333333,E3  (1,3)
47.875,E1  (1,3)
48,E2  (1,3)
48.5,E3  (0,2)
48.5,A1  (1,3)
48.875,E2  (1,3)
49,A2  (1,3)
49.5,A3  (0,2)
49.875,A2  (1,3)
50,E2  (1,3)
50.5,Db4  (0,2)
50.5,E4  (0,2)
50.5,Db1  (1,3)
51,Db2  (1,3)
51.5,Gb4  (0,2)
51.75,Db2  (1,3)
51.8125,Db1  (1,3)
52.4583333333,E3  (0,2)
52.5,B3  (0,2)
52.5,B1  (1,3)
52.5,E2  (1,3)
52.5416666667,E4  (0,2)
53.5,B3  (0,2)
53.5,E1  (1,3)
53.5,B1  (1,3)
54.3333333333,A3  (0,2)
54.3333333333,A1  (1,3)
54.8333333333,E2  (1,3)
55,A2  (1,3)
55.3333333333,Db3  (1,3)
55.5,B2  (1,3)
55.8333333333,A2  (1,3)
56,E2  (1,3)
56.5,E3  (0,2)
56.5,E2  (1,3)
57,A2  (1,3)
57.5,E4  (0,2)
57.5,E2  (1,3)
58,Db4  (0,2)
58,A2  (1,3)
58.5,B3  (0,2)
58.5,E2  (1,3)
59,A3  (0,2)
59,A2  (1,3)
59.5,Ab3  (0,2)
59.5,E2  (1,3)
59.8333333333,A3  (0,2)
59.8333333333,A2  (1,3)
60.3333333333,B3  (0,2)
60.3333333333,Db2  (1,3)
61,A2  (1,3)
61.5,Ab4  (0,2)
61.5,Db2  (1,3)
61.75,G4  (0,2)
62,A2  (1,3)
62.25,Gb4  (0,2)
62.625,C2  (1,3)
62.75,E4  (0,2)
63.125,G2  (1,3)
63.5833333333,C2  (1,3)
63.875,G2  (1,3)
64.5,Gb3  (0,2)
64.5,B1  (1,3)
65,Gb2  (1,3)
65.5,E4  (0,2)
65.5,B1  (1,3)
66,Db4  (0,2)
66,Gb2  (1,3)
66.5,B3  (0,2)
66.5,E2  (1,3)
67,A3  (0,2)
67,B2  (1,3)
67.5,B3  (0,2)
67.5,E2  (1,3)
67.8333333333,Db4  (0,2)
67.8333333333,B2  (1,3)
68.25,Ab2  (1,3)
68.3333333333,Ab3  (0,2)
69.0833333333,B2  (1,3)
69.5833333333,B3  (0,2)
70.4166666667,A2  (0,2)
70.5,B2  (0,2)
70.5,Gb2  (1,3)
70.5833333333,B3  (0,2)
71.0833333333,A3  (0,2)
71.5833333333,Ab3  (0,2)
71.5833333333,E2  (1,3)
71.5833333333,E3  (1,3)
71.5833333333,Ab2  (1,3)
72,A3  (0,2)
72.6666666667,E2  (1,3)
72.6666666667,E3  (0,2)
73.125,A2  (1,3)
73.5833333333,E4  (0,2)
73.625,E2  (1,3)
74,A2  (1,3)
74,Db4  (0,2)
74.5,E2  (1,3)
74.5,B3  (0,2)
75,A2  (1,3)
75,A3  (0,2)
75.5,E2  (1,3)
75.5,Ab3  (0,2)
75.8333333333,A2  (1,3)
75.8333333333,A3  (0,2)
76.3333333333,Db2  (1,3)
76.3333333333,B3  (0,2)
77,A2  (1,3)
77.5,Db2  (1,3)
77.625,Ab4  (0,2)
77.875,G4  (0,2)
78,A2  (1,3)
78.375,Gb4  (0,2)
78.625,C2  (1,3)
78.875,E4  (0,2)
79.125,G2  (1,3)
79.5833333333,C2  (1,3)
79.875,G2  (1,3)
80.4791666667,B1  (1,3)
80.5,Gb2  (1,3)
80.5,D3  (0,2)
80.5416666667,Gb3  (0,2)
81.5,E4  (0,2)
82,Db4  (0,2)
82.4583333333,Gb2  (1,3)
82.5,B2  (1,3)
82.5,B3  (0,2)
83,A3  (0,2)
83.5,B3  (0,2)
83.8333333333,Db4  (0,2)
84.25,F2  (1,3)
84.2916666667,Ab2  (1,3)
84.3333333333,Ab3  (0,2)
85.5833333333,B3  (0,2)
86.4166666667,A2  (0,2)
86.5,Gb2  (1,3)
86.5,B2  (0,2)
86.5833333333,B3  (0,2)
87.0833333333,A3  (0,2)
87.5833333333,Ab3  (0,2)
87.5833333333,E2  (1,3)
87.5833333333,E3  (1,3)
87.5833333333,Ab2  (1,3)
88.1666666667,A3  (0,2)
88.6666666667,A1  (1,3)
88.7083333333,E2  (1,3)
88.75,E3  (0,2)
88.75,A2  (1,3)
91.5,D3  (0,2)
91.5,Ab1  (1,3)
91.5208333333,E2  (1,3)
91.5416666667,Ab2  (1,3)
92,E3  (0,2)
92.4583333333,A1  (1,3)
92.5,Db3  (0,2)
92.5,Db2  (1,3)
92.5416666667,A2  (1,3)
94.9583333333,E2  (1,3)
95,B2  (0,2)
95,Ab2  (1,3)
95.0416666667,B2  (1,3)
95.5,Db3  (0,2)
95.9583333333,B1  (1,3)
96,A2  (0,2)
96,D2  (1,3)
96.0416666667,A2  (1,3)
98.4583333333,A1  (1,3)
98.5,A2  (0,2)
98.5,Db2  (1,3)
98.5416666667,A2  (1,3)
101.5,A2  (0,2)
101.5,E1  (1,3)
101.5,A2  (1,3)
101.5,C2  (1,3)
103.3333333333,A2  (0,2)
103.3333333333,A2  (1,3)
103.3333333333,B1  (1,3)
103.3333333333,E1  (1,3)
104.3333333333,E1  (1,3)
104.4166666667,A1  (1,3)
104.5,A2  (0,2)
104.5,A2  (1,3)